# Created by Octave 2.9.13, Thu Nov 01 00:03:58 2007 EDT <eagblanc@wha664>
# name: Estimatedcoordinates
# type: matrix
# rows: 147
# columns: 3
 121 3.674999999999999 0.75
 122 1.026923076923077 3.634615384615384
 123 1.18125 4.785937500000002
 124 4.912500000000001 1.5375
 126 4.65 1.05
 127 3.749999999999999 2.324999999999999
 128 2.0625 3.806249999999999
 130 5.400000000000002 4.575
 131 4.049999999999999 2.849999999999999
 132 2 4.733333333333334
 134 3.149999999999999 1.2
 135 3.93 0.72
 136 3.299999999999999 0.75
 138 2.499999999999999 3.849999999999999
 139 3.299999999999999 4.049999999999999
 141 3.749999999999999 2.324999999999999
 142 2.185714285714286 3.578571428571428
 145 1.778571428571428 0.6321428571428571
 146 3.899999999999999 1.65
 147 1.7 4.249999999999999
 148 2.481818181818181 1.868181818181818
 149 4.049999999999999 3.749999999999999
 150 3.149999999999999 1.05
 152 2.1 3.824999999999999
 153 2.726470588235293 3.388235294117646
 154 1.607142857142857 4.885714285714287
 156 4.199999999999999 3.779999999999999
 157 2.474999999999999 1.5
 161 3.749999999999999 1.2
 162 2.549999999999999 3.449999999999999
 163 5.400000000000002 4.800000000000001
 164 2.871428571428571 2.314285714285714
 165 4.35 1.8
 166 1.815789473684211 0.9236842105263158
 168 2.999999999999999 4.199999999999999
 169 3.749999999999999 2.849999999999999
 170 1.667999999999999 3.737999999999999
 171 0.675 9.225000000000012
 173 2.73 7.140000000000006
 174 0.85 8.250000000000009
 175 4.875000000000001 7.575000000000006
 176 3.899999999999999 6.600000000000005
 177 4.239473684210527 4.784210526315791
 178 0.9 8.250000000000009
 179 4.428000000000001 9.324000000000012
 183 4.45 8.55000000000001
 184 4.024999999999999 9.362500000000013
 185 3.449999999999998 7.500000000000005
 186 1.275 9.775000000000015
 187 4.199999999999999 8.400000000000009
 188 3.899999999999999 8.55000000000001
 189 2.649999999999999 7.025000000000006
 190 2.849999999999999 9.300000000000011
 192 1.35 9.18000000000001
 193 0.85 8.250000000000009
 195 0.675 9.675000000000011
 196 1.875 8.85000000000001
 197 4.474999999999999 9.200000000000012
 199 3.599999999999999 7.800000000000008
 201 1.628571428571429 9.57857142857144
 202 2.399999999999999 4.950000000000001
 203 2.649999999999999 7.025000000000006
 204 4.470000000000001 8.46000000000001
 205 3.149999999999999 8.625000000000011
 206 4.049999999999999 9.381818181818195
 207 0.96 8.340000000000009
 208 2.025 9.450000000000012
 210 3.9 9.63750000000001
 211 0.675 9.337500000000011
 212 2.699999999999999 9.150000000000011
 214 2.25 9.300000000000011
 215 2.399999999999999 4.950000000000001
 216 2.849999999999999 9.000000000000011
 217 2.620588235294117 7.270588235294124
 218 2.649999999999999 7.025000000000006
 221 8.55000000000001 3.262499999999999
 224 8.32500000000001 1.2
 225 8.70000000000001 1.65
 227 6.650000000000006 4.049999999999999
 228 7.050000000000006 3.224999999999999
 231 8.200000000000008 1.8
 232 8.929411764705891 1.235294117647059
 233 5.325000000000002 4.35
 234 9.375000000000011 2.418749999999999
 235 6.575000000000006 4.049999999999999
 238 6.575000000000006 4.049999999999999
 240 9.750000000000012 2.624999999999999
 242 8.550000000000011 4.765909090909092
 243 6.600000000000005 3.949999999999999
 244 6.645000000000005 3.029999999999999
 245 9.000000000000012 2.799999999999999
 248 9.600000000000012 2.699999999999999
 249 7.050000000000006 3.224999999999999
 251 5.550000000000002 3.899999999999999
 252 8.250000000000009 1.35
 253 9.600000000000012 2.999999999999999
 254 4.900000000000001 1.475
 255 8.475000000000009 2.175
 256 9.450000000000012 3.899999999999999
 258 8.70000000000001 1.65
 260 9.000000000000011 3.299999999999999
 262 6.562500000000005 3.974999999999999
 264 9.675000000000011 2.25
 265 8.85000000000001 3.299999999999999
 269 6.500000000000004 5.650000000000002
 270 9.540000000000012 1.57
 271 8.100000000000009 8.70000000000001
 272 8.205882352941186 5.461764705882355
 274 7.500000000000007 7.200000000000006
 275 5.100000000000001 7.650000000000007
 276 8.70000000000001 8.250000000000009
 277 9.150000000000011 9.000000000000011
 279 5.550000000000002 9.450000000000012
 280 8.250000000000009 9.300000000000011
 281 7.533333333333339 7.350000000000007
 282 8.55000000000001 5.850000000000003
 283 8.161363636363644 5.515909090909093
 284 8.860714285714296 9.139285714285725
 285 7.800000000000008 8.100000000000009
 286 6.450000000000005 9.300000000000011
 287 9.150000000000011 7.950000000000008
 289 6.900000000000006 9.600000000000012
 290 7.375000000000007 6.975000000000006
 291 8.100000000000009 8.70000000000001
 292 6.800000000000005 5.500000000000003
 293 7.527272727272734 7.390909090909099
 294 7.200000000000006 8.55000000000001
 295 7.764285714285723 9.10714285714287
 296 7.764285714285723 9.10714285714287
 298 9.300000000000011 9.000000000000011
 299 8.55000000000001 9.450000000000012
 300 4.725000000000001 8.175000000000008
 302 6.717857142857149 5.796428571428575
 303 8.250000000000009 6.975000000000006
 305 8.717307692307704 9.057692307692317
 306 5.550000000000002 7.275000000000006
 308 8.717307692307704 9.057692307692317
 309 8.717307692307704 9.057692307692317
 311 9.150000000000011 9.000000000000011
 312 8.965384615384625 5.030769230769232
 313 8.400000000000009 9.375000000000011
 314 5.950000000000003 6.725000000000006
 315 6.975000000000006 8.775000000000011
 316 8.900000000000011 8.150000000000007
 317 8.325000000000008 5.606250000000003
 318 6.500000000000004 5.150000000000001
 319 6.450000000000005 9.300000000000011
# name: Error_total
# type: scalar
0.5893011197933812
# name: size_EstimatedCoordinates_row
# type: scalar
147
