# Created by Octave 2.9.13, Tue Oct 30 01:54:23 2007 EDT <eagblanc@wha7>
# name: Estimatedcoordinates_tot
# type: matrix
# rows: 127
# columns: 3
 69 2.822727272727272 2.904545454545453
 73 2.25 2.949999999999999
 76 1.5 4.199999999999999
 77 1.8 4.564285714285715
 78 2.617499999999998 2.234999999999999
 82 1.85 4.024999999999999
 84 1.8 2.549999999999999
 88 1.305 3.839999999999999
 90 2.1 3.449999999999999
 91 1.725 3.299999999999999
 92 3.209999999999999 3.269999999999999
 93 1.29 3.989999999999999
 96 2.634146341463413 2.228048780487804
 97 2.887499999999999 3.6625
 103 1.725 4.199999999999999
 105 1.5 4.950000000000001
 107 1.437499999999999 0.7749999999999999
 108 2.887499999999999 3.6625
 109 1.176923076923077 1.292307692307692
 110 1.77 3.439999999999998
 111 2.299999999999999 5.766666666666669
 112 3.973333333333334 7.773333333333342
 118 2.299999999999999 5.766666666666669
 119 3.149999999999999 8.250000000000009
 120 3.199999999999998 7.993750000000007
 121 4.73076923076923 6.657692307692313
 122 2.553333333333332 9.073333333333348
 124 5.430000000000002 9.420000000000012
 127 4.890000000000001 7.380000000000007
 128 2.553333333333332 9.073333333333348
 133 4.800000000000001 8.100000000000009
 134 2.1 8.70000000000001
 135 4.305882352941176 8.911764705882362
 136 1.588636363636364 8.713636363636375
 139 2.594680851063829 5.262765957446811
 144 2.553333333333332 9.073333333333348
 145 2.299999999999999 5.766666666666669
 147 1.65 4.725000000000001
 152 1.15 4.4125
 158 3.824999999999999 9.07500000000001
 160 1.91 4.41
 161 6.942857142857148 0.5571428571428572
 162 6.942857142857148 0.5571428571428572
 164 7.358823529411771 5.205882352941179
 169 6.600000000000005 4.65
 171 6.942857142857148 0.5571428571428572
 178 9.075000000000012 1.575
 191 9.393750000000011 1.4625
 193 9.393750000000011 1.4625
 198 8.387500000000008 4.825
 204 9.500000000000011 1.425
 207 9.500000000000011 1.425
 211 6.310714285714289 5.683928571428575
 212 5.442857142857145 6.953571428571435
 213 5.900000000000003 8.100000000000009
 215 6.414000000000004 7.092000000000008
 216 4.964285714285714 7.950000000000006
 217 5.988461538461542 7.430769230769237
 218 6.310714285714289 5.683928571428575
 223 6.000000000000004 6.827777777777783
 227 8.32500000000001 4.950000000000001
 228 7.504411764705891 8.6779411764706
 234 5.730000000000002 8.160000000000009
 244 7.050000000000007 5.100000000000001
 246 6.046 9.420000000000018
 252 5.625000000000002 8.625000000000009
 259 6.046 9.420000000000018
 62 4.37625 2.898749999999999
 63 3.149999999999999 2.1
 65 3.311538461538459 2.198076923076922
 67 1.35 1.2
 72 1.21875 0.7312500000000001
 75 1.35 1.05
 80 3.19285714285714 1.596428571428571
 81 1.7625 1.8
 85 1 0.9499999999999998
 86 1.65 1.95
 87 2.899999999999999 2
 94 3.254999999999999 4.154999999999999
 104 1.65 1.95
 114 1.532142857142857 6.428571428571432
 116 4.950000000000001 6.210000000000004
 123 1.975 9.025000000000011
 125 0.5863636363636363 5.529545454545457
 129 1.05 5.793750000000004
 131 2.1 9.062500000000011
 132 2.1 6.300000000000004
 137 1.5 8.625000000000011
 141 2.399999999999999 7.800000000000008
 143 1.65 8.55000000000001
 146 2.25 5.850000000000004
 148 4.5 6.090000000000003
 149 1.95 8.250000000000009
 153 4.036363636363635 6.722727272727277
 154 5.000000000000001 6.600000000000005
 159 2.1 9.062500000000011
 163 7.350000000000006 0.6
 172 7.875000000000007 1.15
 173 9.300000000000011 1.95
 174 9.20000000000001 2
 177 5.81666666666667 4.15
 179 7.425000000000007 4.65
 187 8.464285714285724 1.242857142857143
 188 7.650000000000007 1.15
 189 8.078571428571436 1.478571428571428
 190 8.490000000000011 1.47
 192 5.867307692307695 3.778846153846153
 194 9.07500000000001 1.125
 196 6.525000000000005 4.35
 200 6.68571428571429 0.3857142857142857
 202 6.600000000000005 1.8
 219 5.475000000000001 6.600000000000005
 224 5.400000000000002 9.600000000000012
 225 5.942307692307697 6.080769230769235
 226 8.70000000000001 5.250000000000002
 229 6.000000000000004 6.075000000000005
 237 6.900000000000006 9.000000000000011
 238 5.400000000000002 9.300000000000011
 239 6.450000000000005 8.400000000000009
 247 6.300000000000004 6.075000000000005
 249 6.990000000000006 8.190000000000008
 253 7.740000000000007 8.655000000000008
 254 5.475000000000001 9.450000000000012
 255 6.825000000000005 9.150000000000013
 256 6.618750000000004 9.468750000000012
 257 6.683333333333339 7.900000000000007
 258 6.300000000000004 6.600000000000005
# name: Estimatedcoordinates2
# type: matrix
# rows: 60
# columns: 3
 62 4.37625 2.898749999999999
 63 3.149999999999999 2.1
 65 3.311538461538459 2.198076923076922
 67 1.35 1.2
 72 1.21875 0.7312500000000001
 75 1.35 1.05
 80 3.19285714285714 1.596428571428571
 81 1.7625 1.8
 85 1 0.9499999999999998
 86 1.65 1.95
 87 2.899999999999999 2
 94 3.254999999999999 4.154999999999999
 104 1.65 1.95
 114 1.532142857142857 6.428571428571432
 116 4.950000000000001 6.210000000000004
 123 1.975 9.025000000000011
 125 0.5863636363636363 5.529545454545457
 129 1.05 5.793750000000004
 131 2.1 9.062500000000011
 132 2.1 6.300000000000004
 137 1.5 8.625000000000011
 141 2.399999999999999 7.800000000000008
 143 1.65 8.55000000000001
 146 2.25 5.850000000000004
 148 4.5 6.090000000000003
 149 1.95 8.250000000000009
 153 4.036363636363635 6.722727272727277
 154 5.000000000000001 6.600000000000005
 159 2.1 9.062500000000011
 163 7.350000000000006 0.6
 172 7.875000000000007 1.15
 173 9.300000000000011 1.95
 174 9.20000000000001 2
 177 5.81666666666667 4.15
 179 7.425000000000007 4.65
 187 8.464285714285724 1.242857142857143
 188 7.650000000000007 1.15
 189 8.078571428571436 1.478571428571428
 190 8.490000000000011 1.47
 192 5.867307692307695 3.778846153846153
 194 9.07500000000001 1.125
 196 6.525000000000005 4.35
 200 6.68571428571429 0.3857142857142857
 202 6.600000000000005 1.8
 219 5.475000000000001 6.600000000000005
 224 5.400000000000002 9.600000000000012
 225 5.942307692307697 6.080769230769235
 226 8.70000000000001 5.250000000000002
 229 6.000000000000004 6.075000000000005
 237 6.900000000000006 9.000000000000011
 238 5.400000000000002 9.300000000000011
 239 6.450000000000005 8.400000000000009
 247 6.300000000000004 6.075000000000005
 249 6.990000000000006 8.190000000000008
 253 7.740000000000007 8.655000000000008
 254 5.475000000000001 9.450000000000012
 255 6.825000000000005 9.150000000000013
 256 6.618750000000004 9.468750000000012
 257 6.683333333333339 7.900000000000007
 258 6.300000000000004 6.600000000000005
# name: Error_2
# type: scalar
0.5888397428878783
# name: Error_total
# type: scalar
0.5670734767618733
# name: size_EstimatedCoordinates_row
# type: scalar
60
