# Created by Octave 2.9.13, Wed Oct 31 00:30:59 2007 EDT <eagblanc@wha265>
# name: Estimatedcoordinates_tot
# type: matrix
# rows: 192
# columns: 3
 121 4.875000000000001 4.725000000000001
 122 1.47 4.169999999999999
 123 1.8 1.35
 124 2.849999999999999 2.399999999999999
 125 2.1 1.95
 126 3.599999999999999 3.224999999999999
 128 3.790909090909091 0.8590909090909092
 129 4.199999999999999 3.074999999999999
 130 0.84375 2.437499999999999
 131 1.35 1.2
 132 4.049999999999999 2.25
 133 2.489999999999999 4.069999999999999
 135 1.35 1.2
 136 4.574999999999999 2.324999999999999
 137 1.95 1.65
 138 2.399999999999999 2.699999999999999
 139 1.35 2.175
 141 1.865384615384617 3.696153846153846
 143 3.749999999999999 3.449999999999999
 145 1.275 4.987500000000001
 146 0.75 2.549999999999999
 148 2.399999999999999 5.250000000000002
 150 1.95 1.95
 151 4.425 2.0625
 153 4.199999999999999 3.149999999999999
 156 4.1625 4.5
 157 1.95 2.699999999999999
 158 2.699999999999999 2.549999999999999
 159 1.223076923076923 2.976923076923076
 160 2.549999999999999 2.849999999999999
 161 2.25 2.699999999999999
 162 0.75 5.250000000000002
 163 4.004999999999999 1.2
 164 2.849999999999999 2.399999999999999
 165 2.849999999999999 2.399999999999999
 166 3.524999999999999 2.399999999999999
 167 1.05 2.849999999999999
 168 2.849999999999999 0.3
 169 1.95 1.95
 170 1.996153846153846 4.430769230769231
 171 0.6562499999999999 8.137500000000008
 172 3.899999999999999 6.814285714285719
 173 3.949999999999999 7.525000000000008
 174 1.262727272727273 7.767272727272736
 175 4.5 6.600000000000005
 176 4.248214285714285 9.808928571428581
 177 2.699999999999999 8.325000000000008
 178 0.9 5.812500000000003
 179 2.339062499999998 9.05156250000001
 180 0.7875 8.437500000000009
 181 4.35 7.200000000000006
 184 2.1 9.150000000000011
 185 4.124999999999999 8.32500000000001
 186 1.95 7.050000000000007
 188 2.812499999999999 6.412500000000004
 189 2.699999999999999 6.525000000000004
 190 0.665625 8.353125000000009
 191 2.25 7.050000000000006
 192 4.275 6.337500000000005
 193 2.549999999999999 6.750000000000005
 194 2.812499999999999 6.412500000000004
 195 3.374999999999999 8.100000000000009
 196 3.179999999999999 8.730000000000009
 197 1.8 6.900000000000006
 198 0.945 9.435000000000011
 199 2.549999999999999 6.750000000000005
 200 1.383870967741935 9.38709677419356
 201 1.419230769230769 5.313461538461539
 202 2.624999999999999 6.900000000000006
 203 2.399999999999999 6.900000000000006
 204 4.834615384615385 6.311538461538467
 205 0.665625 8.353125000000009
 206 3.299999999999999 7.050000000000006
 207 4.5 6.150000000000004
 208 4.26 6.420000000000004
 209 2.435714285714285 9.685714285714297
 210 1.457142857142857 6.942857142857148
 211 4.216666666666666 6.350000000000005
 213 2.549999999999999 6.300000000000004
 215 1.8 6.975000000000006
 216 2.699999999999999 9.337500000000011
 217 4.65 5.400000000000002
 218 4.838888888888889 7.194444444444453
 219 3.524999999999999 8.70000000000001
 220 3.366666666666666 9.216666666666677
 221 6.525000000000005 4.35
 222 7.725000000000007 2.25
 224 5.500000000000003 1.9
 227 6.900000000000006 4.5
 228 9.150000000000013 2.016666666666667
 229 7.125000000000006 2.549999999999999
 230 6.960000000000005 2.46
 231 5.400000000000002 2.025
 232 8.100000000000009 3.099999999999999
 233 6.525000000000005 5.250000000000002
 234 4.984615384615386 1.396153846153846
 235 8.70000000000001 2.549999999999999
 236 5.100000000000001 1.4
 237 5.475000000000001 1.725
 238 7.725000000000007 1.875
 239 9.030681818181826 4.070454545454545
 240 8.950000000000012 2.25
 241 4.950000000000001 4.65
 242 6.300000000000004 4.5
 243 6.825000000000006 1.875
 244 8.85000000000001 2.924999999999999
 245 6.000000000000004 1.35
 247 5.700000000000003 1.65
 248 8.55000000000001 2.849999999999999
 249 9.150000000000011 2.324999999999999
 250 8.400000000000009 2.849999999999999
 252 9.32777777777779 3.877777777777777
 253 6.950000000000006 2.316666666666666
 254 5.350000000000002 1.15
 255 8.950000000000012 2.25
 256 9.150000000000011 1.9875
 257 5.367857142857146 0.7714285714285714
 259 5.475000000000001 3.374999999999999
 260 6.700000000000006 4.149999999999999
 263 5.550000000000002 4.800000000000001
 264 5.475000000000001 3.374999999999999
 265 6.825000000000006 1.575
 266 4.842857142857143 1.328571428571429
 267 9.375000000000011 1.65
 268 6.375000000000004 1.35
 269 7.650000000000007 4.950000000000001
 270 9.150000000000011 2.075
 271 8.57500000000001 5.425000000000002
 272 7.987500000000009 4.987500000000001
 273 5.475000000000001 5.150000000000002
 275 6.975000000000005 8.137500000000008
 276 8.261538461538469 8.711538461538471
 277 4.65 5.775000000000003
 278 6.450000000000005 7.500000000000005
 279 7.950000000000008 7.650000000000007
 280 8.37000000000001 7.800000000000007
 281 7.950000000000008 7.650000000000007
 283 8.79000000000001 7.365000000000007
 284 7.155000000000006 7.350000000000007
 285 8.100000000000009 9.000000000000011
 286 7.575000000000006 5.925000000000004
 287 5.329411764705884 6.661764705882358
 289 6.450000000000005 9.07500000000001
 290 8.212500000000007 8.812500000000011
 291 8.70000000000001 6.300000000000004
 293 8.925000000000011 8.55000000000001
 294 8.85000000000001 7.425000000000007
 296 6.750000000000005 7.425000000000006
 298 6.993750000000005 7.443750000000007
 299 4.435714285714285 7.114285714285721
 300 6.900000000000006 5.700000000000003
 301 6.750000000000005 8.025000000000009
 302 7.725000000000007 5.437500000000002
 303 6.525000000000005 6.000000000000004
 304 6.900000000000006 7.950000000000008
 305 8.200000000000008 6.300000000000004
 306 9.412500000000012 8.043750000000008
 307 8.37000000000001 7.800000000000007
 308 8.150000000000007 9.10000000000001
 309 7.575000000000006 5.925000000000004
 310 8.60000000000001 6.225000000000004
 311 7.050000000000006 5.025000000000001
 312 7.050000000000007 8.55000000000001
 313 5.331818181818185 7.950000000000009
 314 6.600000000000005 5.850000000000004
 315 6.825000000000005 5.437500000000002
 317 6.750000000000005 6.660000000000005
 318 7.650000000000007 6.150000000000004
 319 7.350000000000007 8.70000000000001
 320 5.400000000000002 5.700000000000003
 127 3.749999999999999 0.7999999999999999
 134 3.899999999999999 0.75
 140 1.5 4.5
 142 0.6 5.940000000000003
 144 3.999999999999999 1.3
 147 3.749999999999999 0.7999999999999999
 149 4.900000000000001 0.5499999999999999
 152 1.95 3.824999999999999
 155 4.65 1.35
 182 2.999999999999999 9.300000000000011
 187 4.65 9.150000000000011
 212 0.6 8.70000000000001
 214 2.849999999999999 9.300000000000011
 251 4.65 0.9
 258 9.450000000000012 1.35
 261 8.70000000000001 3.149999999999999
 274 9.450000000000012 8.70000000000001
 288 6.150000000000004 8.775000000000009
 292 8.70000000000001 5.400000000000002
 295 4.900000000000001 8.200000000000008
 297 8.70000000000001 4.950000000000001
 316 9.000000000000011 4.875000000000001
# name: Estimatedcoordinates2
# type: matrix
# rows: 22
# columns: 3
 127 3.749999999999999 0.7999999999999999
 134 3.899999999999999 0.75
 140 1.5 4.5
 142 0.6 5.940000000000003
 144 3.999999999999999 1.3
 147 3.749999999999999 0.7999999999999999
 149 4.900000000000001 0.5499999999999999
 152 1.95 3.824999999999999
 155 4.65 1.35
 182 2.999999999999999 9.300000000000011
 187 4.65 9.150000000000011
 212 0.6 8.70000000000001
 214 2.849999999999999 9.300000000000011
 251 4.65 0.9
 258 9.450000000000012 1.35
 261 8.70000000000001 3.149999999999999
 274 9.450000000000012 8.70000000000001
 288 6.150000000000004 8.775000000000009
 292 8.70000000000001 5.400000000000002
 295 4.900000000000001 8.200000000000008
 297 8.70000000000001 4.950000000000001
 316 9.000000000000011 4.875000000000001
# name: Error_2
# type: scalar
0.6153920198476728
# name: Error_total
# type: scalar
0.5271638548751418
# name: size_EstimatedCoordinates_row
# type: scalar
22
