# Created by Octave 2.9.13, Mon Oct 29 21:12:16 2007 EDT <eagblanc@wha760>
# name: Estimatedcoordinates
# type: matrix
# rows: 24
# columns: 3
 44 3.449999999999999 3.064285714285713
 53 3.635294117647058 3.732352941176469
 63 3.118421052631577 3.102631578947367
 65 3.177272727272726 3.272727272727272
 69 3.691463414634148 4.602439024390244
 71 3.099999999999999 3.399999999999999
 75 2.935714285714286 3.316071428571428
 84 3.099999999999999 3.399999999999999
 95 1.5 7.950000000000007
 97 3.299999999999999 4.800000000000001
 98 3.299999999999999 4.800000000000001
 116 4.672727272727273 5.772727272727278
 121 0.45 7.350000000000006
 128 1.2 7.950000000000008
 147 8.400000000000009 2.1
 157 8.400000000000009 2.1
 162 8.250000000000009 2.035714285714286
 181 7.950000000000007 1.35
 184 8.250000000000009 2.25
 194 7.890000000000008 6.030000000000004
 205 7.928571428571437 6.48571428571429
 237 7.595454545454553 6.190909090909096
 238 4.672727272727273 5.772727272727278
 240 6.417857142857147 6.910714285714291
# name: Error_total
# type: scalar
0.5454371189042627
# name: size_EstimatedCoordinates_row
# type: scalar
24
