# Created by Octave 2.9.13, Wed Oct 31 12:37:26 2007 EDT <eagblanc@wha195>
# name: Estimatedcoordinates_tot
# type: matrix
# rows: 183
# columns: 3
 121 1.9875 4.668749999999999
 123 3.999999999999999 0.65
 124 3.449999999999999 2.549999999999999
 125 1.73780487804878 1.441463414634146
 126 3.599999999999999 0.45
 129 4.35 1.95
 130 4.65 0.75
 131 3.117857142857141 4.124999999999999
 132 4.875000000000001 1.275
 133 2.118749999999999 4.068749999999999
 135 0.9750000000000001 4.575
 137 4.191666666666666 3.691666666666666
 138 2.999999999999999 5.250000000000002
 140 1.2 3.674999999999999
 142 2.963333333333333 3.953333333333333
 143 3.999999999999999 0.65
 144 4.5 1.2
 145 4.825 3.224999999999999
 146 4.199999999999999 1.65
 147 3.769999999999999 4.26
 148 1.418181818181818 5.059090909090911
 149 4.55 2.699999999999999
 150 4.199999999999999 3.899999999999999
 151 2.774999999999999 2.1
 152 4.234615384615383 4.615384615384615
 153 1.18125 3.693749999999999
 155 1.457142857142857 2.057142857142858
 156 0.9750000000000001 4.575
 160 2.999999999999999 5.250000000000002
 161 0.5769230769230769 4.557692307692307
 162 3.599999999999999 3.87
 164 1.05 3.436363636363636
 165 3.899999999999999 3.674999999999999
 167 4.5 2.1
 168 4.199999999999999 1.875
 169 1.2 3.674999999999999
 171 1.121052631578947 6.813157894736848
 172 3.349999999999999 6.200000000000005
 173 1.575 9.000000000000011
 174 2.549999999999999 8.437500000000009
 175 1.661538461538462 8.169230769230776
 176 1.8 8.55000000000001
 177 3.69 9.13500000000001
 178 1.1 8.000000000000007
 179 1.014705882352941 6.970588235294123
 180 2.674999999999999 6.775000000000006
 181 2.571428571428571 8.97857142857144
 182 3.340909090909089 6.095454545454549
 183 2.549999999999999 8.175000000000008
 185 3.552631578947369 9.394736842105274
 186 2.549999999999999 7.100000000000006
 188 1.25 7.175000000000007
 189 1.45 7.150000000000006
 190 1.2 7.050000000000006
 191 1.2 8.400000000000007
 193 1.365 7.980000000000008
 194 2.787499999999999 4.800000000000002
 196 2.624999999999999 5.600000000000001
 197 2.25 5.250000000000001
 198 2.25 5.550000000000002
 199 1.2 7.125000000000006
 200 3.149999999999999 7.050000000000007
 201 2.599999999999999 7.100000000000006
 205 2.699999999999999 6.000000000000004
 206 1.35 9.525000000000013
 208 2.399999999999999 8.400000000000009
 209 2.25 8.250000000000009
 210 1.003846153846154 6.900000000000006
 211 2.164285714285714 7.11428571428572
 216 1.35 9.525000000000013
 219 2.549999999999999 8.55000000000001
 220 2.699999999999999 8.400000000000009
 222 5.175000000000002 2.399999999999999
 223 6.075000000000004 3.049999999999999
 224 5.375000000000003 3.174999999999998
 225 5.970000000000003 0.7100000000000002
 227 9.600000000000012 4.274999999999999
 228 9.450000000000012 3.749999999999999
 229 6.900000000000006 1.575
 230 6.075000000000005 2.399999999999999
 232 7.350000000000007 1.65
 233 9.375000000000011 4.274999999999999
 235 6.412500000000004 1.0875
 236 6.900000000000006 1.875
 237 7.500000000000007 2.399999999999999
 238 8.70000000000001 3.224999999999999
 240 8.678571428571439 2.871428571428571
 243 5.350000000000001 1.925
 244 7.537500000000007 1.35
 246 8.635714285714295 3.24642857142857
 247 5.806250000000002 2.987499999999999
 248 5.850000000000003 1.0875
 249 5.550000000000002 5.250000000000002
 252 5.700000000000003 2.699999999999999
 253 6.750000000000005 1.8
 254 5.325000000000002 2.699999999999999
 255 8.900000000000011 1.55
 257 5.025000000000001 0.9
 259 6.150000000000004 1.65
 260 7.500000000000007 1.5
 261 6.900000000000006 1.575
 263 6.150000000000004 1.5
 264 8.70000000000001 3.149999999999999
 265 6.075000000000005 1.35
 266 4.800000000000001 1.25
 267 5.700000000000003 2.699999999999999
 268 8.76000000000001 2.969999999999999
 269 6.000000000000004 3.299999999999999
 270 5.250000000000002 2.399999999999999
 273 6.750000000000004 8.250000000000009
 275 9.233333333333343 9.033333333333344
 276 6.350000000000003 8.74500000000001
 277 9.000000000000011 8.55000000000001
 278 7.500000000000007 8.250000000000009
 279 8.85000000000001 9.000000000000011
 280 7.950000000000008 7.200000000000006
 281 7.725000000000007 8.32500000000001
 282 8.025000000000009 6.450000000000005
 283 6.900000000000006 7.575000000000006
 284 9.000000000000012 6.150000000000003
 285 7.550000000000007 7.900000000000008
 286 8.700000000000008 9.150000000000011
 287 7.350000000000007 7.950000000000008
 288 6.225000000000005 9.150000000000013
 291 7.650000000000007 8.100000000000009
 292 9.150000000000011 8.100000000000009
 293 7.850000000000009 7.375000000000007
 294 6.900000000000006 7.575000000000006
 296 9.000000000000011 9.07500000000001
 297 8.900000000000011 8.650000000000011
 298 7.850000000000009 7.375000000000007
 300 7.500000000000007 6.600000000000005
 301 6.234782608695656 8.804347826086968
 302 8.100000000000009 6.150000000000004
 303 8.175000000000008 7.125000000000006
 305 6.525000000000005 9.000000000000011
 306 8.100000000000009 6.150000000000005
 307 6.047368421052636 9.465789473684222
 308 8.70000000000001 7.950000000000008
 312 6.047368421052636 9.465789473684222
 316 7.155000000000006 9.34500000000001
 317 7.800000000000007 7.300000000000007
 318 7.062857142857148 6.364285714285717
 134 1.9 1.7
 136 1.5 3.149999999999999
 139 1.4625 2.606249999999999
 141 0.55 3.774999999999999
 154 0.9666666666666666 2.549999999999999
 157 0.525 4.199999999999999
 159 0.5653846153846153 3.38076923076923
 166 1.425 2.699999999999999
 170 0.6749999999999999 3.149999999999999
 184 2.549999999999999 9.750000000000012
 187 5.100000000000001 9.600000000000012
 192 0.85 8.95000000000001
 195 3.899999999999999 9.150000000000011
 202 4.842857142857143 9.021428571428583
 204 1.125 6.075000000000005
 207 1.35 9.600000000000012
 214 0.75 8.250000000000009
 215 0.9 8.70000000000001
 218 2.324999999999999 7.050000000000006
 221 8.721428571428582 1.435714285714286
 226 7.200000000000006 0.7000000000000001
 231 5.400000000000002 3.899999999999999
 239 7.834615384615393 0.6923076923076923
 242 5.800000000000002 3.449999999999999
 245 8.250000000000009 3.299999999999999
 250 9.45000000000001 1.525
 251 7.800000000000008 3.374999999999999
 256 7.950000000000007 5.250000000000002
 258 7.800000000000008 3.374999999999999
 272 8.100000000000009 5.625000000000002
 274 6.300000000000004 6.450000000000005
 289 9.500000000000012 4.7
 295 6.075000000000005 8.17500000000001
 299 6.900000000000006 5.850000000000002
 304 6.450000000000005 7.800000000000008
 309 6.450000000000005 7.575000000000006
 310 9.225000000000012 9.150000000000011
 314 9.60000000000001 7.425000000000006
 315 6.937500000000004 5.925000000000004
 319 6.300000000000004 8.100000000000009
