# Created by Octave 2.9.13, Tue Oct 30 13:17:37 2007 EDT <eagblanc@wha128>
# name: Estimatedcoordinates
# type: matrix
# rows: 94
# columns: 3
 81 4.566666666666667 0.2666666666666667
 82 5.133870967741936 1.035483870967742
 84 1.416666666666667 5.250000000000002
 85 1.7625 4.875000000000001
 87 3.16153846153846 3.934615384615383
 95 4.286363636363636 5.050000000000001
 99 3.699999999999999 2.449999999999999
 104 4.5375 4.031249999999998
 105 4.44705882352941 1.755882352941176
 107 3.399999999999999 2.649999999999999
 109 2.807142857142856 0.6178571428571429
 115 4.575 4.049999999999999
 120 4.575 4.049999999999999
 121 3.162499999999998 5.150000000000001
 125 4.242857142857142 5.15357142857143
 127 4.628571428571429 4.007142857142855
 131 1.125 5.925000000000004
 133 4.637671232876712 6.772602739726033
 135 0.75 7.050000000000007
 136 0.75 7.175000000000005
 137 0.6 5.700000000000003
 141 0.675 5.850000000000003
 143 0.85 7.100000000000006
 144 4.699999999999999 4.833333333333334
 150 5.370000000000002 5.025000000000001
 152 1.2 5.700000000000003
 154 2.25 6.225000000000005
 158 4.242857142857142 5.15357142857143
 161 4.858333333333333 8.466666666666677
 162 1.35 6.150000000000004
 163 1.964285714285714 5.871428571428575
 172 1.875 6.450000000000005
 174 1.8 6.300000000000004
 175 1.8 6.150000000000004
 176 0.3 4.800000000000001
 181 7.764705882352948 2.567647058823528
 182 7.936363636363645 2.672727272727272
 184 7.087500000000007 1.4625
 185 9.112500000000011 3.074999999999999
 187 5.77826086956522 1.454347826086957
 189 9.107142857142868 1.607142857142857
 190 7.200000000000006 1.5
 194 6.750000000000004 0.4
 195 8.32500000000001 1.725
 197 5.775000000000002 0.375
 198 8.98500000000001 1.485
 201 6.225000000000004 1.425
 202 8.73750000000001 1.382142857142858
 204 6.225000000000004 1.425
 206 5.700000000000003 1.05
 207 5.77826086956522 1.454347826086957
 208 8.822222222222234 1.361111111111111
 209 8.250000000000009 1.7
 211 8.822222222222234 1.361111111111111
 214 6.350000000000004 0.2
 218 5.775000000000002 0.375
 219 9.063461538461549 4.690384615384617
 221 5.820000000000002 4.74
 224 7.612500000000008 1.33125
 225 7.087500000000007 1.4625
 226 8.98500000000001 1.485
 227 7.087500000000007 1.4625
 228 7.087500000000007 0.6
 230 5.834210526315792 4.752631578947369
 232 7.700000000000007 8.57500000000001
 234 8.75714285714287 5.985714285714289
 235 5.460000000000003 6.192000000000004
 237 6.864705882352947 7.411764705882358
 238 7.475000000000006 8.175000000000008
 240 8.400000000000009 7.650000000000007
 242 6.306000000000004 8.184000000000008
 244 7.387500000000006 8.92500000000001
 245 8.480357142857155 6.680357142857147
 246 6.864705882352947 7.411764705882358
 247 6.337500000000003 8.350000000000009
 249 8.240322580645168 6.822580645161296
 251 8.448113207547175 6.46981132075472
 252 7.387500000000006 8.92500000000001
 254 4.71875 7.87500000000001
 256 6.525000000000006 8.400000000000009
 260 9.075000000000014 9.060000000000011
 261 6.258000000000009 6.450000000000005
 263 6.814285714285719 7.435714285714293
 265 8.100000000000009 9.450000000000012
 266 9.086666666666675 6.093333333333337
 268 8.100000000000009 9.450000000000012
 269 6.713793103448283 8.89137931034484
 270 6.240000000000004 6.960000000000005
 271 6.675000000000006 8.765625000000011
 273 6.150000000000004 6.900000000000006
 274 8.537500000000012 5.400000000000002
 275 7.425000000000007 8.025000000000009
 277 9.075000000000014 9.060000000000011
 278 6.258000000000009 6.450000000000005
# name: Error_total
# type: scalar
0.5163027582947198
# name: size_EstimatedCoordinates_row
# type: scalar
94
