# Created by Octave 2.9.13, Tue Oct 30 02:33:07 2007 EDT <eagblanc@wha302>
# name: Estimatedcoordinates_tot
# type: matrix
# rows: 130
# columns: 3
 67 1.82 5.390000000000002
 69 2.774999999999999 0.75
 73 2.824999999999999 4.816666666666667
 83 3.149999999999999 0.9
 84 2.629999999999998 1.51
 88 0.45 4.65
 89 5.08 5.095000000000001
 93 2.273076923076922 0.8076923076923077
 99 2.607692307692306 5.492307692307695
 102 0.45 4.65
 109 4.467391304347826 4.715217391304349
 113 2.242499999999999 6.716250000000004
 114 2.899999999999999 6.325000000000006
 117 3.24642857142857 6.578571428571432
 122 2.599999999999999 8.000000000000009
 133 3.214285714285713 6.557142857142863
 134 2.924999999999999 7.950000000000008
 135 2.335714285714285 8.207142857142866
 136 2.35 8.245454545454555
 140 2.587499999999999 8.475000000000009
 143 2.924999999999999 8.025000000000009
 146 2.048076923076923 6.230769230769235
 147 2.899999999999999 8.000000000000009
 148 1.3 5.100000000000001
 150 2.25 8.85000000000001
 154 2.587499999999999 7.462500000000007
 159 1.3 5.100000000000001
 160 3.824999999999999 7.725000000000007
 165 8.36250000000001 1.35
 170 7.881818181818193 3.34090909090909
 171 8.025000000000007 0.975
 172 7.980000000000008 1.125
 173 7.698214285714293 0.8089285714285717
 178 7.980000000000008 1.125
 179 7.070000000000011 3.219999999999999
 188 6.396226415094347 4.038679245283018
 190 7.253571428571435 1.135714285714286
 195 8.55000000000001 1.05
 201 6.520312500000006 4.005468749999999
 208 6.493181818181824 4.170454545454546
 212 5.24558823529412 9.048529411764717
 213 6.931250000000005 7.968750000000008
 217 5.24558823529412 9.048529411764717
 224 5.463000000000001 8.403000000000009
 227 6.862500000000008 9.431250000000013
 228 6.750000000000004 8.100000000000009
 230 5.850000000000003 8.70000000000001
 231 6.204545454545459 9.415909090909103
 236 5.906250000000003 7.668750000000007
 245 5.287500000000001 4.65
 246 5.287500000000001 4.65
 248 5.850000000000003 9.750000000000012
 249 5.24558823529412 9.048529411764717
 250 6.931250000000005 7.968750000000008
 257 5.287500000000001 4.65
 260 5.618181818181823 8.379545454545461
 65 3.074999999999999 1.2
 71 2.999999999999999 4.45
 72 2.75 4.5
 74 3.359999999999999 5.370000000000002
 76 2.774999999999999 4.875000000000001
 77 1.65 3.629999999999999
 79 3.059999999999999 2.339999999999999
 80 4.680000000000001 4.950000000000001
 81 1.8 1.02
 85 1.8 0.8333333333333333
 86 4.05 4.149999999999999
 91 2.025 4.800000000000001
 98 2.939999999999999 4.274999999999999
 103 2.549999999999998 4.285714285714285
 104 1.092857142857143 3.77142857142857
 107 1.125 4.706250000000001
 116 2.05 7.375000000000007
 118 4.095 9.105000000000009
 120 4.65 7.500000000000007
 121 2.299999999999999 5.150000000000001
 123 1.35 5.250000000000002
 124 3.149999999999999 8.925000000000011
 125 2.399999999999999 6.825000000000006
 126 1.95 6.150000000000004
 129 3.299999999999999 8.250000000000009
 130 2.849999999999999 5.250000000000002
 131 5.100000000000001 8.100000000000009
 132 4.665 9.090000000000012
 137 2.699999999999999 5.325000000000002
 138 3.749999999999999 6.750000000000005
 139 2.877272727272726 8.972727272727282
 141 2 6.450000000000006
 144 1.875 5.475000000000001
 151 0.4875 5.100000000000001
 152 2.999999999999999 8.85000000000001
 153 2.699999999999999 5.100000000000001
 156 1.5 6.246428571428576
 157 4.095 9.105000000000009
 161 8.72142857142858 1.135714285714286
 163 8.250000000000009 1.35
 164 8.250000000000009 1.35
 166 7.30384615384616 4.142307692307691
 167 6.306000000000006 3.323999999999999
 168 6.300000000000004 4.35
 169 8.650000000000011 2.5
 174 6.450000000000005 4.199999999999999
 176 8.100000000000009 1.05
 181 6.600000000000005 1.6125
 182 7.106250000000005 2.15625
 183 7.500000000000007 0.99
 184 7.250000000000007 2.549999999999999
 189 8.55000000000001 1.55625
 191 8.437500000000009 2.831249999999999
 193 5.775000000000002 4.274999999999999
 194 6.225000000000005 4.5
 196 6.163636363636368 3.122727272727272
 198 6.300000000000004 2.849999999999999
 203 7.893750000000008 0.65625
 204 6.975000000000006 4.5
 207 5.595000000000002 3.239999999999999
 209 6.163636363636368 3.122727272727272
 210 7.275000000000007 3.119999999999999
 214 5.568750000000001 6.881250000000006
 216 7.470000000000008 8.61000000000001
 219 6.171428571428576 7.114285714285721
 221 7.200000000000006 8.85000000000001
 222 5.490000000000002 5.310000000000002
 223 5.325000000000002 5.400000000000002
 226 5.850000000000003 7.950000000000008
 235 5.150000000000001 5.525000000000001
 239 6.975000000000006 6.375000000000004
 240 6.450000000000005 7.800000000000008
 241 6.525000000000004 4.950000000000002
 258 6.075000000000004 7.650000000000007
# name: Estimatedcoordinates2
# type: matrix
# rows: 74
# columns: 3
 65 3.074999999999999 1.2
 71 2.999999999999999 4.45
 72 2.75 4.5
 74 3.359999999999999 5.370000000000002
 76 2.774999999999999 4.875000000000001
 77 1.65 3.629999999999999
 79 3.059999999999999 2.339999999999999
 80 4.680000000000001 4.950000000000001
 81 1.8 1.02
 85 1.8 0.8333333333333333
 86 4.05 4.149999999999999
 91 2.025 4.800000000000001
 98 2.939999999999999 4.274999999999999
 103 2.549999999999998 4.285714285714285
 104 1.092857142857143 3.77142857142857
 107 1.125 4.706250000000001
 116 2.05 7.375000000000007
 118 4.095 9.105000000000009
 120 4.65 7.500000000000007
 121 2.299999999999999 5.150000000000001
 123 1.35 5.250000000000002
 124 3.149999999999999 8.925000000000011
 125 2.399999999999999 6.825000000000006
 126 1.95 6.150000000000004
 129 3.299999999999999 8.250000000000009
 130 2.849999999999999 5.250000000000002
 131 5.100000000000001 8.100000000000009
 132 4.665 9.090000000000012
 137 2.699999999999999 5.325000000000002
 138 3.749999999999999 6.750000000000005
 139 2.877272727272726 8.972727272727282
 141 2 6.450000000000006
 144 1.875 5.475000000000001
 151 0.4875 5.100000000000001
 152 2.999999999999999 8.85000000000001
 153 2.699999999999999 5.100000000000001
 156 1.5 6.246428571428576
 157 4.095 9.105000000000009
 161 8.72142857142858 1.135714285714286
 163 8.250000000000009 1.35
 164 8.250000000000009 1.35
 166 7.30384615384616 4.142307692307691
 167 6.306000000000006 3.323999999999999
 168 6.300000000000004 4.35
 169 8.650000000000011 2.5
 174 6.450000000000005 4.199999999999999
 176 8.100000000000009 1.05
 181 6.600000000000005 1.6125
 182 7.106250000000005 2.15625
 183 7.500000000000007 0.99
 184 7.250000000000007 2.549999999999999
 189 8.55000000000001 1.55625
 191 8.437500000000009 2.831249999999999
 193 5.775000000000002 4.274999999999999
 194 6.225000000000005 4.5
 196 6.163636363636368 3.122727272727272
 198 6.300000000000004 2.849999999999999
 203 7.893750000000008 0.65625
 204 6.975000000000006 4.5
 207 5.595000000000002 3.239999999999999
 209 6.163636363636368 3.122727272727272
 210 7.275000000000007 3.119999999999999
 214 5.568750000000001 6.881250000000006
 216 7.470000000000008 8.61000000000001
 219 6.171428571428576 7.114285714285721
 221 7.200000000000006 8.85000000000001
 222 5.490000000000002 5.310000000000002
 223 5.325000000000002 5.400000000000002
 226 5.850000000000003 7.950000000000008
 235 5.150000000000001 5.525000000000001
 239 6.975000000000006 6.375000000000004
 240 6.450000000000005 7.800000000000008
 241 6.525000000000004 4.950000000000002
 258 6.075000000000004 7.650000000000007
# name: Error_2
# type: scalar
0.659582136967509
# name: Error_total
# type: scalar
0.6061390402172939
# name: size_EstimatedCoordinates_row
# type: scalar
74
