# Created by Octave 2.9.13, Tue Oct 30 14:34:08 2007 EDT <eagblanc@dol31>
# name: Estimatedcoordinates_tot
# type: matrix
# rows: 151
# columns: 3
 89 3.719999999999999 0.99
 97 1.585714285714286 4.660714285714286
 104 2.653846153846153 4.811538461538462
 105 2.713636363636363 1.445454545454545
 107 3.449999999999998 1.2
 111 1.636363636363636 1.772727272727273
 119 3.299999999999999 1.4
 122 0.8100000000000002 1.275
 123 2.838461538461539 2.123076923076923
 126 1.234285714285715 1.71
 129 3.308333333333331 2.249999999999999
 134 1.35 4.800000000000001
 135 1.425 6.750000000000005
 136 2.699999999999999 7.875000000000008
 141 0.6 7.575000000000007
 143 1.96 5.950000000000004
 145 2.785714285714285 8.657142857142867
 151 3.149999999999999 9.300000000000011
 152 3.500847457627118 6.737288135593228
 155 1.425 6.750000000000005
 156 0.6 7.575000000000007
 157 0.96 5.370000000000002
 158 2.721428571428571 9.364285714285726
 160 2.083333333333333 5.783333333333337
 163 4.800000000000001 8.70000000000001
 165 2.083333333333333 5.783333333333337
 172 3.749999999999999 9.250000000000012
 174 4.65 9.07500000000001
 176 2.699999999999999 8.100000000000009
 189 7.050000000000006 2.983333333333333
 192 7.800000000000008 2.25
 193 7.350000000000007 1.375
 197 6.300000000000004 4.274999999999999
 199 8.400000000000011 2.971153846153845
 202 8.80500000000001 1.05
 204 7.125000000000006 4.7
 206 8.41250000000001 0.9187500000000001
 207 7.950000000000008 0.45
 209 8.884615384615394 2.492307692307692
 213 7.950000000000008 0.45
 216 9.13125000000001 2.1375
 217 7.725000000000007 1.35
 218 7.525000000000007 4.024999999999999
 221 8.025000000000009 1.5
 223 8.271428571428581 2.164285714285714
 228 8.250000000000007 3.449999999999998
 230 7.028571428571435 4.435714285714286
 232 8.400000000000009 7.950000000000008
 233 6.900000000000006 6.000000000000004
 234 8.250000000000009 8.400000000000009
 237 8.32500000000001 9.225000000000012
 239 7.500000000000007 8.750000000000009
 240 6.884090909090914 7.456818181818189
 241 8.781818181818192 8.427272727272737
 243 6.225000000000004 7.500000000000007
 244 7.575000000000006 7.275000000000007
 245 8.145000000000008 7.785000000000006
 246 8.805882352941186 8.152941176470597
 247 6.318000000000003 9.054000000000013
 248 5.65714285714286 8.592857142857152
 249 7.200000000000006 7.650000000000007
 251 7.450000000000006 8.55000000000001
 254 7.435714285714293 9.471428571428584
 259 6.018750000000003 7.650000000000007
 260 7.200000000000007 7.710000000000008
 262 7.050000000000007 6.300000000000004
 263 5.602941176470588 8.880882352941187
 269 6.150000000000004 7.650000000000007
 270 5.625000000000004 8.625000000000009
 271 7.500000000000007 7.200000000000006
 272 5.550000000000002 7.350000000000007
 273 8.700000000000012 8.335000000000012
 274 6.975000000000006 8.662500000000009
 276 8.79375000000001 8.75625000000001
 81 3.738461538461538 1.165384615384615
 82 1.65 4.049999999999999
 83 1.225 0.775
 84 3.813157894736841 2.842105263157894
 85 2.1 1.309090909090909
 88 3.449999999999999 3.128571428571427
 90 4.199999999999999 1.65
 91 2.789999999999999 2.774999999999999
 94 3.499999999999999 3.21111111111111
 95 3.599999999999999 1.063636363636364
 99 2.25 0.75
 101 1.328571428571429 0.6642857142857144
 102 3.149999999999999 3.599999999999999
 109 1.275 0.9
 110 2.624999999999999 1.275
 113 2.324999999999999 2.399999999999999
 116 2.25 0.75
 117 1.65 1.35
 121 2.549999999999999 4.800000000000001
 124 1.8 1.2
 125 1.216666666666666 1.408333333333333
 127 2.699999999999999 2.549999999999999
 128 3.033333333333335 4.790000000000001
 131 2.25 7.200000000000006
 132 3.851470588235294 5.735294117647063
 133 2.699999999999999 6.300000000000004
 138 2.549999999999999 8.625000000000011
 139 4.65 8.775000000000009
 140 0.8666666666666669 6.575000000000006
 142 0.45 8.100000000000009
 144 3.599999999999999 9.375000000000011
 146 6.000000000000004 6.700000000000006
 147 1.36875 8.73750000000001
 149 3.899999999999999 7.200000000000006
 154 0.75 7.800000000000008
 159 1.425 8.55000000000001
 161 4.65 8.70000000000001
 162 5.700000000000003 7.500000000000007
 164 2.699999999999999 9.450000000000012
 166 2.624999999999999 5.700000000000003
 169 3.749999999999999 7.200000000000006
 175 3.374999999999999 9.375000000000011
 177 1.05 6.900000000000006
 178 3.818181818181818 6.645454545454549
 179 5.850000000000003 7.650000000000007
 180 1.425 8.55000000000001
 182 9.431250000000011 4.8375
 183 7.950000000000007 3.199999999999999
 184 6.875000000000004 2.699999999999999
 185 8.400000000000009 2.399999999999999
 186 7.22142857142858 3.921428571428571
 188 9.03000000000001 0.9299999999999999
 190 6.150000000000005 4.800000000000001
 191 6.046153846153851 3.669230769230768
 195 9.431250000000011 4.8375
 198 7.350000000000007 3.749999999999999
 201 8.400000000000009 0.6
 208 6.400000000000005 3.849999999999999
 212 6.990000000000006 2.639999999999999
 219 6.797368421052638 3.197368421052631
 220 8.55000000000001 2.924999999999999
 222 6.681818181818187 0.7909090909090909
 224 8.400000000000009 3.149999999999999
 231 8.686956521739141 7.689130434782618
 236 8.650000000000009 7.550000000000007
 242 7.050000000000006 9.300000000000011
 253 9.10000000000001 8.100000000000009
 255 7.800000000000008 6.750000000000005
 256 6.500000000000004 8.80000000000001
 257 6.825000000000006 5.025000000000001
 258 7.500000000000007 9.750000000000012
 261 9.10000000000001 8.650000000000011
 266 9.048648648648655 6.656756756756764
 267 7.500000000000007 9.037500000000012
 275 5.550000000000002 9.000000000000011
 278 5.100000000000001 8.400000000000009
 279 9.214285714285726 7.950000000000008
