# Created by Octave 2.9.13, Mon Oct 29 19:20:10 2007 EDT <eagblanc@wha323>
# name: Estimatedcoordinates_tot
# type: matrix
# rows: 71
# columns: 3
 43 2.849999999999999 2.449999999999999
 44 3.959999999999999 4.750000000000001
 51 4.575 2.399999999999999
 59 3.149999999999999 2.474999999999999
 62 4.627777777777778 1.983333333333333
 71 3.797727272727272 1.840909090909091
 86 2.512499999999999 1.8
 87 4.84375 2.593749999999999
 88 2.849999999999999 2.449999999999999
 92 4.199999999999999 5.250000000000002
 102 3.774999999999999 5.350000000000001
 115 5.100000000000001 5.400000000000002
 121 3.049999999999999 5.550000000000002
 125 5.100000000000001 5.400000000000002
 128 4.275 4.762500000000001
 143 4.575 2.399999999999999
 151 5.250000000000002 1.8
 162 6.103846153846159 2.734615384615383
 172 6.173684210526321 2.707894736842104
 185 6.175000000000006 2.666666666666666
 186 8.7529411764706 5.188235294117647
 196 7.750000000000007 6.200000000000006
 210 7.710714285714294 5.971428571428576
 221 5.580000000000003 8.685000000000011
 222 7.710714285714294 5.971428571428576
 229 8.775000000000009 5.750000000000003
 230 7.750000000000007 6.200000000000006
 233 5.580000000000003 8.685000000000011
 45 3.104999999999999 0.9
 46 2.1375 2.0625
 49 2.624999999999999 2.624999999999999
 53 2.485714285714284 2.078571428571428
 54 4.950000000000001 1.65
 63 2.1 3.299999999999999
 64 3.899999999999999 4.049999999999999
 65 2.152499999999999 2.992499999999999
 66 1.95 2.1
 73 3.899999999999999 4.049999999999999
 78 3.749999999999999 3.119999999999998
 79 3.808333333333332 3.233333333333333
 80 3.824999999999999 2.25
 83 3.104999999999999 0.9
 84 2.399999999999999 1.65
 85 4.425 1.95
 109 4.307142857142857 4.564285714285714
 111 4.007142857142856 5.314285714285716
 120 4.087499999999999 5.250000000000002
 142 5.025000000000001 4.875000000000001
 145 6.891666666666674 2.841666666666665
 146 5.070000000000001 4.274999999999999
 149 5.100000000000001 3.049999999999999
 153 8.250000000000009 5.200000000000002
 154 7.215000000000006 4.785000000000001
 157 5.775000000000003 3.074999999999999
 168 8.180000000000009 5.340000000000002
 175 7.009090909090915 3.136363636363636
 180 6.050000000000004 3.049999999999999
 181 6.156250000000007 3.274999999999999
 182 6.250000000000005 3.149999999999999
 190 7.650000000000007 5.400000000000002
 199 7.425000000000007 5.325000000000002
 201 8.85000000000001 5.100000000000001
 205 5.775000000000003 8.625000000000011
 206 5.550000000000002 8.100000000000009
 208 7.200000000000006 6.600000000000005
 219 8.175000000000008 4.950000000000001
 226 8.175000000000008 6.375000000000004
 227 6.697500000000007 5.872500000000004
 237 5.175000000000002 8.475000000000009
 238 4.950000000000001 5.355000000000002
 239 8.775000000000009 5.100000000000001
# name: Estimatedcoordinates2
# type: matrix
# rows: 43
# columns: 3
 45 3.104999999999999 0.9
 46 2.1375 2.0625
 49 2.624999999999999 2.624999999999999
 53 2.485714285714284 2.078571428571428
 54 4.950000000000001 1.65
 63 2.1 3.299999999999999
 64 3.899999999999999 4.049999999999999
 65 2.152499999999999 2.992499999999999
 66 1.95 2.1
 73 3.899999999999999 4.049999999999999
 78 3.749999999999999 3.119999999999998
 79 3.808333333333332 3.233333333333333
 80 3.824999999999999 2.25
 83 3.104999999999999 0.9
 84 2.399999999999999 1.65
 85 4.425 1.95
 109 4.307142857142857 4.564285714285714
 111 4.007142857142856 5.314285714285716
 120 4.087499999999999 5.250000000000002
 142 5.025000000000001 4.875000000000001
 145 6.891666666666674 2.841666666666665
 146 5.070000000000001 4.274999999999999
 149 5.100000000000001 3.049999999999999
 153 8.250000000000009 5.200000000000002
 154 7.215000000000006 4.785000000000001
 157 5.775000000000003 3.074999999999999
 168 8.180000000000009 5.340000000000002
 175 7.009090909090915 3.136363636363636
 180 6.050000000000004 3.049999999999999
 181 6.156250000000007 3.274999999999999
 182 6.250000000000005 3.149999999999999
 190 7.650000000000007 5.400000000000002
 199 7.425000000000007 5.325000000000002
 201 8.85000000000001 5.100000000000001
 205 5.775000000000003 8.625000000000011
 206 5.550000000000002 8.100000000000009
 208 7.200000000000006 6.600000000000005
 219 8.175000000000008 4.950000000000001
 226 8.175000000000008 6.375000000000004
 227 6.697500000000007 5.872500000000004
 237 5.175000000000002 8.475000000000009
 238 4.950000000000001 5.355000000000002
 239 8.775000000000009 5.100000000000001
# name: Error_2
# type: scalar
0.592897439691267
# name: Error_total
# type: scalar
0.5590341271380683
# name: size_EstimatedCoordinates_row
# type: scalar
43
