# Created by Octave 2.9.13, Mon Oct 29 18:40:42 2007 EDT <eagblanc@wha28>
# name: Estimatedcoordinates_tot
# type: matrix
# rows: 70
# columns: 3
 45 3.899999999999999 4.890000000000001
 48 3.399999999999999 3.949999999999999
 49 3.321428571428569 4.285714285714285
 50 3.686250000000002 4.138125
 51 5.295000000000003 2.999999999999999
 54 4.5 4.049999999999999
 55 5.100000000000001 3.95
 58 3.825 4.317857142857141
 60 1.8 3.724999999999998
 65 3.757499999999999 3.847499999999999
 66 1.532926829268292 3.435365853658536
 68 2.549999999999999 3.749999999999999
 69 4.800000000000001 4.5
 71 3.283333333333332 4.133333333333333
 73 5.375000000000001 3.274999999999999
 74 3.573214285714285 3.632142857142857
 76 1.532926829268292 3.435365853658536
 80 2.203448275862068 4.287931034482758
 83 5.250000000000002 3.299999999999998
 86 4.568750000000001 4.693750000000001
 87 1.532926829268292 3.435365853658536
 89 3.267857142857142 4.017857142857142
 105 0.75 8.70000000000001
 116 4.677777777777776 6.89444444444445
 121 0.9750000000000001 8.925000000000011
 122 3.953571428571427 5.517857142857145
 129 4.701923076923077 6.536538461538466
 134 4.684285714285714 6.732857142857148
 160 5.273684210526317 3.378947368421051
 182 5.250000000000002 3.299999999999998
 186 5.775000000000003 2.174999999999999
 188 6.267857142857147 2.635714285714285
 191 8.100000000000007 7.515000000000007
 201 4.820689655172413 6.65172413793104
 41 0.9 4.65
 47 5.250000000000002 2.549999999999999
 53 4.124999999999999 2.999999999999999
 56 2.399999999999999 3.749999999999999
 57 1.575 3.149999999999999
 59 4.5 3.449999999999999
 62 2.524999999999999 3.124999999999999
 63 3.149999999999999 4.800000000000001
 70 2.549999999999999 4.049999999999999
 75 2.624999999999999 4.124999999999999
 81 2.774999999999999 3.299999999999999
 90 4.65 5.100000000000001
 93 4.5 6.225000000000004
 103 0.5 8.650000000000011
 106 0.4 8.45000000000001
 111 0.225 8.32500000000001
 112 0.9 9.060000000000011
 113 4.680000000000001 6.000000000000004
 115 0.9 9.060000000000011
 119 4.199999999999999 5.700000000000003
 123 3.149999999999999 4.800000000000001
 131 0.9 8.85000000000001
 139 2.475 4.575
 141 5.300000000000002 2.2
 146 5.534210526315787 1.425
 148 6.085714285714289 2.657142857142856
 167 6.575000000000006 2.374999999999999
 187 5.534210526315787 1.425
 189 6.105555555555561 2.949999999999999
 205 8.500000000000009 8.368181818181828
 206 5.328000000000003 6.780000000000006
 211 7.985294117647067 7.305882352941183
 216 5.109375000000002 7.687500000000007
 217 4.950000000000001 5.150000000000001
 218 7.985294117647067 7.305882352941183
 231 5.109375000000002 7.687500000000007
# name: Estimatedcoordinates2
# type: matrix
# rows: 36
# columns: 3
 41 0.9 4.65
 47 5.250000000000002 2.549999999999999
 53 4.124999999999999 2.999999999999999
 56 2.399999999999999 3.749999999999999
 57 1.575 3.149999999999999
 59 4.5 3.449999999999999
 62 2.524999999999999 3.124999999999999
 63 3.149999999999999 4.800000000000001
 70 2.549999999999999 4.049999999999999
 75 2.624999999999999 4.124999999999999
 81 2.774999999999999 3.299999999999999
 90 4.65 5.100000000000001
 93 4.5 6.225000000000004
 103 0.5 8.650000000000011
 106 0.4 8.45000000000001
 111 0.225 8.32500000000001
 112 0.9 9.060000000000011
 113 4.680000000000001 6.000000000000004
 115 0.9 9.060000000000011
 119 4.199999999999999 5.700000000000003
 123 3.149999999999999 4.800000000000001
 131 0.9 8.85000000000001
 139 2.475 4.575
 141 5.300000000000002 2.2
 146 5.534210526315787 1.425
 148 6.085714285714289 2.657142857142856
 167 6.575000000000006 2.374999999999999
 187 5.534210526315787 1.425
 189 6.105555555555561 2.949999999999999
 205 8.500000000000009 8.368181818181828
 206 5.328000000000003 6.780000000000006
 211 7.985294117647067 7.305882352941183
 216 5.109375000000002 7.687500000000007
 217 4.950000000000001 5.150000000000001
 218 7.985294117647067 7.305882352941183
 231 5.109375000000002 7.687500000000007
# name: Error_2
# type: scalar
0.6612801713257879
# name: Error_total
# type: scalar
0.5753644120704499
# name: size_EstimatedCoordinates_row
# type: scalar
36
