# Created by Octave 2.9.13, Tue Oct 30 16:16:50 2007 EDT <eagblanc@wha257>
# name: Estimatedcoordinates_tot
# type: matrix
# rows: 156
# columns: 3
 81 3.131249999999999 1.246875
 84 1.971428571428572 2.357142857142857
 86 2.25 1.442307692307692
 87 2.737499999999999 2.25
 88 1.325 1.5
 95 1.92 2.369999999999999
 96 1.275 4.540384615384616
 97 1.5234375 4.575
 99 1.32 2.999999999999999
 103 2.507142857142856 2.239285714285714
 105 1.75 3.949999999999999
 108 1.17 4.56
 112 0.45 1.2
 113 2.25 1.442307692307692
 116 0.5 5.650000000000003
 118 1.421052631578947 4.713157894736843
 119 1.363636363636364 4.35
 122 1.65 1.8
 124 1.425 1.35
 126 1.05 2.924999999999999
 127 1.8 2.624999999999999
 131 5.400000000000002 9.225000000000012
 132 4.800000000000001 8.85000000000001
 135 0.5 5.650000000000003
 136 1.32 6.760000000000006
 140 4.35 8.55000000000001
 143 0.9750000000000001 6.375000000000004
 144 4.823076923076924 8.60769230769232
 145 0.9750000000000001 6.375000000000004
 146 4.568181818181819 8.590909090909101
 148 2.449999999999998 9.07500000000001
 150 5.850000000000004 7.000000000000006
 153 4.649999999999999 5.497058823529414
 156 1.4 6.243333333333339
 157 0.61875 5.700000000000002
 158 5.027272727272728 6.313636363636369
 159 4.800000000000001 8.85000000000001
 160 1.275 6.450000000000005
 163 1.603125 8.19375000000001
 165 0.84375 7.312500000000006
 166 0.8884615384615387 7.800000000000007
 168 0.9750000000000001 6.375000000000004
 169 3.449999999999999 8.225000000000009
 170 2.449999999999998 9.07500000000001
 171 1.05 6.225000000000004
 173 1.603125 8.19375000000001
 174 0.825 6.150000000000004
 176 4.199999999999999 9.000000000000011
 179 4.524999999999999 8.97500000000001
 181 8.60000000000001 3.25
 182 8.250000000000009 2.999999999999999
 184 9.000000000000011 4.575
 186 8.357142857142867 3.407142857142856
 188 9.058695652173922 5.207608695652175
 189 8.58387096774195 2.298387096774193
 190 7.575000000000007 0.9750000000000001
 192 5.913461538461541 3.542307692307692
 193 4.950000000000001 4.199999999999999
 195 6.545000000000003 3.659999999999999
 196 7.200000000000006 2.849999999999999
 197 8.400000000000007 0.75
 203 8.634375000000009 0.5625
 208 9.000000000000011 0.675
 209 8.22500000000001 3.174999999999999
 210 6.437500000000004 3.649999999999999
 212 7.850000000000009 4.099999999999999
 213 9.000000000000011 0.675
 215 7.933333333333342 4.399999999999999
 219 8.791666666666675 4.775000000000001
 223 8.175000000000008 0.45
 224 8.950000000000012 3.324999999999999
 225 5.918750000000003 3.506249999999999
 226 8.244827586206904 2.312068965517241
 227 8.58387096774195 2.298387096774193
 228 4.950000000000001 4.199999999999999
 229 5.089285714285715 3.267857142857142
 235 7.090677966101706 8.669491525423739
 240 7.090677966101706 8.669491525423739
 242 5.300000000000002 6.750000000000004
 243 6.321428571428576 9.278571428571439
 250 7.570000000000007 6.190000000000003
 253 6.150000000000004 8.55000000000001
 256 8.250000000000009 5.100000000000001
 257 5.250000000000002 8.100000000000009
 258 5.700000000000003 9.150000000000011
 259 6.825000000000006 6.975000000000006
 265 6.514285714285719 9.128571428571439
 267 9.33214285714287 5.389285714285718
 270 6.615000000000006 7.720000000000005
 271 6.450000000000006 8.250000000000009
 273 5.700000000000003 7.500000000000007
 278 5.700000000000003 7.575000000000006
 82 2.1 3.599999999999999
 83 1.05 4.049999999999999
 85 5.025000000000001 3.524999999999999
 89 1.05 5.250000000000002
 90 2.23125 4.312499999999999
 92 3.862499999999999 2.549999999999999
 98 0.45 5.250000000000002
 100 5.350000000000001 3.599999999999999
 107 4.659375 0.6468749999999999
 110 1.05 5.100000000000001
 115 3.207692307692306 0.7730769230769231
 117 1.575 4.912500000000001
 120 1.2 0.8812500000000001
 121 1.2 2.999999999999999
 128 3.733333333333333 2.077777777777778
 129 3.145945945945945 3.052702702702702
 130 2.981249999999999 1.6125
 133 2.399999999999999 6.300000000000004
 134 0.75 7.275000000000007
 137 4.575 6.450000000000005
 138 4.575 6.450000000000005
 139 1.2 5.700000000000003
 141 5.100000000000001 7.200000000000006
 142 3.974999999999999 8.85000000000001
 147 4.65 5.700000000000003
 149 3.262499999999999 8.137500000000008
 152 4.800000000000001 7.050000000000006
 154 0.2 6.850000000000006
 155 5.100000000000001 4.35
 162 3.299999999999999 9.150000000000011
 164 1.93125 7.068750000000006
 167 5.025000000000001 6.975000000000006
 172 2.549999999999999 6.300000000000004
 175 2.175 7.237500000000006
 177 2.34375 7.340625000000006
 178 0.9 8.32500000000001
 180 0.6 5.250000000000002
 194 6.450000000000005 3.449999999999999
 198 9.07500000000001 0.45
 200 7.950000000000008 1.3875
 201 8.85000000000001 2.175
 207 7.650000000000007 5.100000000000001
 211 7.022727272727278 0.3681818181818182
 214 8.85000000000001 4.199999999999999
 221 8.400000000000009 1.125
 222 5.350000000000001 3.599999999999999
 230 7.500000000000007 2.1
 234 7.97000000000001 9.066666666666679
 236 6.300000000000004 6.600000000000005
 237 7.663636363636371 9.477272727272739
 239 6.300000000000004 7.050000000000006
 241 5.850000000000003 7.350000000000007
 244 7.275000000000007 9.300000000000011
 247 6.075000000000005 7.950000000000008
 248 5.850000000000003 6.900000000000006
 251 7.100000000000006 7.800000000000008
 255 6.975000000000006 6.600000000000005
 260 7.446428571428577 4.971428571428573
 262 7.759090909090918 9.122727272727284
 263 6.300000000000004 7.350000000000007
 269 7.650000000000007 5.700000000000003
 274 5.850000000000004 6.900000000000006
 275 7.575000000000006 7.500000000000007
 276 7.663636363636371 9.477272727272739
# name: Estimatedcoordinates2
# type: matrix
# rows: 64
# columns: 3
 82 2.1 3.599999999999999
 83 1.05 4.049999999999999
 85 5.025000000000001 3.524999999999999
 89 1.05 5.250000000000002
 90 2.23125 4.312499999999999
 92 3.862499999999999 2.549999999999999
 98 0.45 5.250000000000002
 100 5.350000000000001 3.599999999999999
 107 4.659375 0.6468749999999999
 110 1.05 5.100000000000001
 115 3.207692307692306 0.7730769230769231
 117 1.575 4.912500000000001
 120 1.2 0.8812500000000001
 121 1.2 2.999999999999999
 128 3.733333333333333 2.077777777777778
 129 3.145945945945945 3.052702702702702
 130 2.981249999999999 1.6125
 133 2.399999999999999 6.300000000000004
 134 0.75 7.275000000000007
 137 4.575 6.450000000000005
 138 4.575 6.450000000000005
 139 1.2 5.700000000000003
 141 5.100000000000001 7.200000000000006
 142 3.974999999999999 8.85000000000001
 147 4.65 5.700000000000003
 149 3.262499999999999 8.137500000000008
 152 4.800000000000001 7.050000000000006
 154 0.2 6.850000000000006
 155 5.100000000000001 4.35
 162 3.299999999999999 9.150000000000011
 164 1.93125 7.068750000000006
 167 5.025000000000001 6.975000000000006
 172 2.549999999999999 6.300000000000004
 175 2.175 7.237500000000006
 177 2.34375 7.340625000000006
 178 0.9 8.32500000000001
 180 0.6 5.250000000000002
 194 6.450000000000005 3.449999999999999
 198 9.07500000000001 0.45
 200 7.950000000000008 1.3875
 201 8.85000000000001 2.175
 207 7.650000000000007 5.100000000000001
 211 7.022727272727278 0.3681818181818182
 214 8.85000000000001 4.199999999999999
 221 8.400000000000009 1.125
 222 5.350000000000001 3.599999999999999
 230 7.500000000000007 2.1
 234 7.97000000000001 9.066666666666679
 236 6.300000000000004 6.600000000000005
 237 7.663636363636371 9.477272727272739
 239 6.300000000000004 7.050000000000006
 241 5.850000000000003 7.350000000000007
 244 7.275000000000007 9.300000000000011
 247 6.075000000000005 7.950000000000008
 248 5.850000000000003 6.900000000000006
 251 7.100000000000006 7.800000000000008
 255 6.975000000000006 6.600000000000005
 260 7.446428571428577 4.971428571428573
 262 7.759090909090918 9.122727272727284
 263 6.300000000000004 7.350000000000007
 269 7.650000000000007 5.700000000000003
 274 5.850000000000004 6.900000000000006
 275 7.575000000000006 7.500000000000007
 276 7.663636363636371 9.477272727272739
