# Created by Octave 2.9.13, Tue Oct 30 00:34:20 2007 EDT <eagblanc@wha489>
# name: Estimatedcoordinates
# type: matrix
# rows: 54
# columns: 3
 63 0.2 1.775
 71 4.069565217391304 3.916304347826086
 72 1.218292682926829 0.9914634146341463
 74 0.2 1.775
 77 3.961363636363636 3.340909090909089
 79 5.587500000000002 1.875
 81 5.07857142857143 3.074999999999999
 91 0.2 1.775
 94 0.675 0.975
 103 4.069565217391304 3.916304347826086
 104 0.8833333333333333 4.616666666666666
 105 1.105555555555556 0.925
 106 0.2 1.775
 124 1.59375 7.040625000000006
 125 0.4 8.041666666666677
 128 1.35 7.500000000000007
 135 1.2 8.157142857142865
 137 0.403125 8.109375000000009
 142 2.205882352941176 5.691176470588238
 147 1.078378378378378 6.198648648648654
 148 0.403125 8.109375000000009
 153 2.025 6.225000000000004
 167 7.54285714285715 3.39642857142857
 173 6.521052631578951 1.373684210526316
 176 6.975000000000006 1.725
 179 6.850000000000006 1.325
 181 6.900000000000006 2.025
 182 7.997368421052643 1.084210526315789
 188 6.450000000000006 0.75
 190 9.171428571428583 1.157142857142857
 193 6.830769230769236 3.392307692307691
 194 6.175609756097566 2.078048780487805
 195 6.825000000000006 1.725
 197 5.26607142857143 3.032142857142856
 204 6.481578947368426 1.184210526315789
 206 7.54285714285715 3.39642857142857
 208 7.54285714285715 3.39642857142857
 211 9.450000000000012 5.400000000000002
 223 8.858333333333341 6.87083333333334
 224 8.41304347826088 8.680434782608705
 225 8.884615384615394 7.696153846153853
 227 7.996153846153856 6.911538461538468
 228 8.072727272727281 6.968181818181825
 231 8.41304347826088 8.680434782608705
 235 8.657142857142867 6.364285714285718
 236 5.581578947368421 6.931578947368426
 240 5.581578947368421 6.931578947368426
 244 9.300000000000011 5.700000000000003
 247 9.300000000000011 5.850000000000004
 250 5.170588235294119 5.170588235294118
 253 9.000000000000011 6.450000000000006
 255 8.41304347826088 8.680434782608705
 258 9.300000000000011 5.925000000000004
 260 8.287500000000009 8.250000000000009
# name: Error_total
# type: scalar
0.5587991936917946
# name: size_EstimatedCoordinates_row
# type: scalar
54
