# Created by Octave 2.9.13, Mon Oct 29 20:05:47 2007 EDT <eagblanc@wha435>
# name: Estimatedcoordinates
# type: matrix
# rows: 15
# columns: 3
 42 5.000000000000001 4.199999999999999
 50 4.890000000000001 4.62
 68 4.890000000000001 4.62
 125 3.09642857142857 8.753571428571437
 129 3.567857142857142 9.053571428571439
 139 3.926785714285713 8.683928571428581
 147 5.000000000000001 4.199999999999999
 161 6.675000000000006 3.914999999999999
 163 5.550000000000002 4.5
 193 8.859375000000011 6.909375000000005
 210 5.350000000000002 5.275000000000002
 212 9.300000000000011 5.250000000000002
 218 8.859375000000011 6.909375000000005
 233 8.826315789473693 6.765789473684215
 237 9.492857142857156 5.30714285714286
# name: Error_total
# type: scalar
0.5636845251518282
# name: size_EstimatedCoordinates_row
# type: scalar
15
