# Created by Octave 2.9.13, Tue Oct 30 03:29:29 2007 EDT <eagblanc@wha454>
# name: Estimatedcoordinates_tot
# type: matrix
# rows: 131
# columns: 3
 61 4.124999999999999 3.074999999999999
 66 2.418749999999998 4.124999999999998
 69 3.969230769230769 2.538461538461538
 70 2.505882352941175 2.413235294117646
 71 4.290000000000001 2.294999999999999
 74 0.9 3
 75 2.933333333333332 4.099999999999999
 76 3.749999999999999 2.1375
 77 4.274999999999999 3.824999999999999
 81 2.418749999999998 4.124999999999998
 84 4.35 4.199999999999999
 85 0.9 3
 87 2.418749999999998 4.124999999999998
 90 4.18235294117647 3.952941176470587
 97 4.35 4.199999999999999
 99 4.274999999999999 3.899999999999999
 104 2.674999999999999 3.699999999999999
 106 4.049999999999999 3.299999999999999
 108 3.985714285714285 1.778571428571428
 120 1.97 7.480000000000007
 124 2.943103448275862 8.250000000000011
 127 2.774999999999999 7.800000000000008
 136 3.695454545454545 4.895454545454546
 143 1.457142857142857 8.73214285714287
 148 2.6953125 8.91093750000001
 153 4.395000000000001 4.8
 156 4.395652173913044 4.878260869565218
 159 2.624999999999999 9.390000000000011
 166 6.300000000000004 4.5
 169 7.058823529411771 3.573529411764704
 173 5.207142857142858 5.121428571428573
 174 9.460000000000012 4.22
 177 5.400000000000002 5.025000000000001
 178 6.637500000000005 4.256249999999999
 183 9.460000000000012 4.22
 194 9.297115384615394 3.631730769230769
 195 6.850000000000007 4.31
 202 6.750000000000004 3.899999999999999
 205 5.025000000000001 3.987499999999999
 208 7.776315789473693 1.697368421052632
 210 9.460000000000012 4.22
 213 8.717647058823539 8.70000000000001
 218 4.950000000000001 6.000000000000004
 219 7.500000000000007 9.000000000000011
 220 6.203571428571435 6.503571428571433
 222 8.662500000000009 8.673214285714296
 224 8.722500000000011 8.745000000000015
 225 6.383333333333338 4.983333333333334
 227 7.778571428571436 8.700000000000008
 229 5.757692307692311 7.42307692307693
 231 8.717647058823539 8.70000000000001
 235 6.250000000000004 5.150000000000001
 236 7.878000000000009 8.22000000000001
 237 6.012500000000004 7.587500000000007
 238 5.577272727272731 7.581818181818187
 239 7.350000000000006 7.950000000000007
 241 6.790909090909097 8.250000000000009
 243 7.275000000000006 8.400000000000009
 244 6.525000000000005 7.500000000000007
 248 8.587500000000009 8.325000000000008
 251 8.692857142857152 8.628571428571437
 254 4.875000000000002 4.885714285714287
 255 6.150000000000005 4.5
 256 5.375000000000001 6.893750000000005
 257 6.805000000000006 8.740000000000011
 258 7.500000000000007 9.000000000000011
 259 8.100000000000009 8.925000000000011
 62 4.35 2.1
 72 2.96086956521739 2.693478260869564
 73 1.8 2.549999999999999
 80 1.05 2.849999999999999
 82 3.149999999999999 2.25
 86 2.983333333333332 2.533333333333333
 91 2.399999999999999 3.749999999999999
 94 4.35 2.1
 98 1.65 3.599999999999999
 102 1.888235294117647 2.894117647058822
 107 3.299999999999999 1.875
 111 3.449999999999999 4.65
 115 3.524999999999999 8.625000000000011
 118 2.549999999999999 7.425000000000007
 121 2.557692307692306 5.453846153846158
 123 3.449999999999999 7.950000000000008
 125 4.5 6.675000000000005
 126 3.149999999999999 7.750000000000008
 129 2.4375 8.625000000000011
 130 3.899999999999999 5.100000000000001
 131 1.85 7.650000000000008
 133 3.399999999999999 8.750000000000009
 135 4.23 5.970000000000003
 139 2.916666666666666 5.800000000000003
 142 2.916666666666666 5.800000000000003
 146 2.2875 9.243750000000011
 147 4.950000000000001 7.350000000000006
 149 3.899999999999999 5.775000000000003
 151 3.149999999999999 7.750000000000008
 152 3.836363636363636 8.3909090909091
 154 3.899999999999999 4.800000000000001
 157 4.124999999999999 6.975000000000006
 160 2.602173913043477 7.069565217391309
 162 9.750000000000012 4.800000000000001
 168 4.800000000000001 3.599999999999999
 170 8.328947368421062 3.228947368421051
 171 5.760000000000002 3.539999999999999
 175 6.000000000000004 4.35
 176 9.150000000000011 4.049999999999999
 182 8.925000000000011 4.65
 189 7.522222222222228 1.138888888888889
 190 8.142857142857151 4.392857142857143
 191 5.700000000000003 3.574999999999999
 192 7.96000000000001 4.670000000000001
 199 7.800000000000008 4.425
 200 4.575 2.399999999999999
 201 9.000000000000011 4.199999999999999
 204 6.300000000000004 3.449999999999999
 214 6.900000000000006 9.300000000000011
 215 9.300000000000011 8.70000000000001
 216 7.050000000000007 9.300000000000011
 217 7.575000000000006 7.500000000000007
 221 8.700000000000008 7.350000000000007
 223 8.730000000000011 7.962000000000009
 226 6.600000000000005 8.925000000000011
 228 6.000000000000004 7.200000000000006
 230 8.062500000000007 9.412500000000012
 233 6.900000000000006 9.300000000000011
 234 8.635714285714297 7.607142857142866
 242 8.80000000000001 7.325000000000006
 245 8.70000000000001 9.050000000000011
 246 7.650000000000007 9.300000000000011
 252 9.200000000000012 4.950000000000001
 260 6.900000000000006 9.300000000000011
# name: Estimatedcoordinates2
# type: matrix
# rows: 64
# columns: 3
 62 4.35 2.1
 72 2.96086956521739 2.693478260869564
 73 1.8 2.549999999999999
 80 1.05 2.849999999999999
 82 3.149999999999999 2.25
 86 2.983333333333332 2.533333333333333
 91 2.399999999999999 3.749999999999999
 94 4.35 2.1
 98 1.65 3.599999999999999
 102 1.888235294117647 2.894117647058822
 107 3.299999999999999 1.875
 111 3.449999999999999 4.65
 115 3.524999999999999 8.625000000000011
 118 2.549999999999999 7.425000000000007
 121 2.557692307692306 5.453846153846158
 123 3.449999999999999 7.950000000000008
 125 4.5 6.675000000000005
 126 3.149999999999999 7.750000000000008
 129 2.4375 8.625000000000011
 130 3.899999999999999 5.100000000000001
 131 1.85 7.650000000000008
 133 3.399999999999999 8.750000000000009
 135 4.23 5.970000000000003
 139 2.916666666666666 5.800000000000003
 142 2.916666666666666 5.800000000000003
 146 2.2875 9.243750000000011
 147 4.950000000000001 7.350000000000006
 149 3.899999999999999 5.775000000000003
 151 3.149999999999999 7.750000000000008
 152 3.836363636363636 8.3909090909091
 154 3.899999999999999 4.800000000000001
 157 4.124999999999999 6.975000000000006
 160 2.602173913043477 7.069565217391309
 162 9.750000000000012 4.800000000000001
 168 4.800000000000001 3.599999999999999
 170 8.328947368421062 3.228947368421051
 171 5.760000000000002 3.539999999999999
 175 6.000000000000004 4.35
 176 9.150000000000011 4.049999999999999
 182 8.925000000000011 4.65
 189 7.522222222222228 1.138888888888889
 190 8.142857142857151 4.392857142857143
 191 5.700000000000003 3.574999999999999
 192 7.96000000000001 4.670000000000001
 199 7.800000000000008 4.425
 200 4.575 2.399999999999999
 201 9.000000000000011 4.199999999999999
 204 6.300000000000004 3.449999999999999
 214 6.900000000000006 9.300000000000011
 215 9.300000000000011 8.70000000000001
 216 7.050000000000007 9.300000000000011
 217 7.575000000000006 7.500000000000007
 221 8.700000000000008 7.350000000000007
 223 8.730000000000011 7.962000000000009
 226 6.600000000000005 8.925000000000011
 228 6.000000000000004 7.200000000000006
 230 8.062500000000007 9.412500000000012
 233 6.900000000000006 9.300000000000011
 234 8.635714285714297 7.607142857142866
 242 8.80000000000001 7.325000000000006
 245 8.70000000000001 9.050000000000011
 246 7.650000000000007 9.300000000000011
 252 9.200000000000012 4.950000000000001
 260 6.900000000000006 9.300000000000011
# name: Error_2
# type: scalar
0.6846241531757195
# name: Error_total
# type: scalar
0.6160232710053626
# name: size_EstimatedCoordinates_row
# type: scalar
64
