# Created by Octave 2.9.13, Mon Oct 29 20:08:35 2007 EDT <eagblanc@wha435>
# name: Estimatedcoordinates_tot
# type: matrix
# rows: 48
# columns: 3
 42 5.000000000000001 4.199999999999999
 50 4.890000000000001 4.62
 68 4.890000000000001 4.62
 125 3.09642857142857 8.753571428571437
 129 3.567857142857142 9.053571428571439
 139 3.926785714285713 8.683928571428581
 147 5.000000000000001 4.199999999999999
 161 6.675000000000006 3.914999999999999
 163 5.550000000000002 4.5
 193 8.859375000000011 6.909375000000005
 210 5.350000000000002 5.275000000000002
 212 9.300000000000011 5.250000000000002
 218 8.859375000000011 6.909375000000005
 233 8.826315789473693 6.765789473684215
 237 9.492857142857156 5.30714285714286
 45 4.850000000000001 4
 46 4.133999999999999 4.223999999999999
 61 4.65 4.65
 72 4.220454545454545 4.097727272727273
 73 4.850000000000001 4
 90 4.38 4.860000000000001
 105 3.946153846153844 8.100000000000009
 107 2.353846153846153 8.03076923076924
 111 3.599999999999999 8.85000000000001
 119 3.909999999999998 8.200000000000008
 120 5.250000000000002 4.950000000000001
 131 3.946153846153844 8.100000000000009
 133 3.796551724137931 9.243103448275875
 137 4.575 6.075000000000004
 138 3.946153846153844 8.100000000000009
 144 6.000000000000004 4.35
 146 6.000000000000004 4.35
 169 6.000000000000004 3.849999999999999
 170 5.775000000000003 4.5
 171 6.000000000000004 4.35
 180 5.650000000000003 3.599999999999999
 181 5.721428571428574 3.942857142857142
 186 5.520000000000001 4.139999999999999
 191 9.150000000000011 5.850000000000003
 194 8.856250000000006 6.968750000000006
 195 5.775000000000003 4.5
 201 9.07500000000001 6.975000000000006
 205 5.475000000000002 4.8375
 215 8.670000000000009 6.720000000000004
 219 8.70000000000001 7.300000000000007
 227 8.85000000000001 7.200000000000006
 228 8.625000000000009 6.600000000000005
 234 8.625000000000009 6.600000000000005
# name: Estimatedcoordinates2
# type: matrix
# rows: 33
# columns: 3
 45 4.850000000000001 4
 46 4.133999999999999 4.223999999999999
 61 4.65 4.65
 72 4.220454545454545 4.097727272727273
 73 4.850000000000001 4
 90 4.38 4.860000000000001
 105 3.946153846153844 8.100000000000009
 107 2.353846153846153 8.03076923076924
 111 3.599999999999999 8.85000000000001
 119 3.909999999999998 8.200000000000008
 120 5.250000000000002 4.950000000000001
 131 3.946153846153844 8.100000000000009
 133 3.796551724137931 9.243103448275875
 137 4.575 6.075000000000004
 138 3.946153846153844 8.100000000000009
 144 6.000000000000004 4.35
 146 6.000000000000004 4.35
 169 6.000000000000004 3.849999999999999
 170 5.775000000000003 4.5
 171 6.000000000000004 4.35
 180 5.650000000000003 3.599999999999999
 181 5.721428571428574 3.942857142857142
 186 5.520000000000001 4.139999999999999
 191 9.150000000000011 5.850000000000003
 194 8.856250000000006 6.968750000000006
 195 5.775000000000003 4.5
 201 9.07500000000001 6.975000000000006
 205 5.475000000000002 4.8375
 215 8.670000000000009 6.720000000000004
 219 8.70000000000001 7.300000000000007
 227 8.85000000000001 7.200000000000006
 228 8.625000000000009 6.600000000000005
 234 8.625000000000009 6.600000000000005
# name: Error_2
# type: scalar
0.6064464874534952
# name: Error_total
# type: scalar
0.5934144832592623
# name: size_EstimatedCoordinates_row
# type: scalar
33
