# Created by Octave 2.9.13, Tue Oct 30 17:47:00 2007 EDT <eagblanc@wha109>
# name: Estimatedcoordinates_tot
# type: matrix
# rows: 167
# columns: 3
 82 0.75 3.299999999999999
 84 2.791071428571429 1.971428571428571
 85 1.125 4.5
 86 3.749999999999999 3.899999999999999
 89 4.049999999999999 4.199999999999999
 94 2.399999999999999 3.049999999999999
 95 0.6 3.524999999999999
 96 1.98 3.899999999999999
 97 0.675 3.449999999999999
 102 4.274999999999999 4.35
 104 2.474999999999999 5.100000000000001
 107 1.3 4.324999999999999
 109 3.187499999999999 2.212499999999999
 110 1.15 3.049999999999999
 114 2.699999999999999 3.749999999999999
 116 2.849999999999999 3.749999999999999
 119 4.5 4.25625
 121 3.824999999999999 3.899999999999999
 125 0.75 3.749999999999999
 127 3.333333333333332 4.166666666666666
 128 1.45 2.849999999999999
 129 2.909999999999999 2.819999999999999
 130 3.712499999999999 4.5
 132 2.549999999999999 6.375000000000005
 133 5.280000000000002 8.910000000000013
 134 1.421428571428571 6.207142857142861
 139 4.511538461538461 5.907692307692311
 140 1.642105263157895 5.739473684210529
 141 3.94054054054054 4.714864864864865
 143 2.316666666666666 6.550000000000005
 144 3.34468085106383 6.357446808510642
 153 4.5 6.225000000000004
 157 2.8625 6.195833333333338
 159 1.29 7.110000000000006
 162 3.781249999999999 6.575000000000004
 166 1.421428571428571 6.207142857142861
 167 1.33235294117647 7.579411764705888
 168 2.485714285714285 6.235714285714289
 171 3.192857142857142 5.855357142857146
 172 4.2 9.275000000000011
 173 4.51875 6.037500000000003
 176 2.884615384615385 6.211538461538466
 177 3.539999999999999 6.170000000000004
 178 4.17 9.340000000000011
 182 6.055147058823532 4.650000000000001
 185 6.060000000000004 4.245
 188 5.871428571428575 3.392857142857141
 189 4.774999999999999 3.399999999999999
 190 9.150000000000011 4.049999999999999
 191 9.150000000000011 4.049999999999999
 194 5.713636363636366 2.931818181818181
 198 7.000000000000006 3.599999999999999
 199 7.830000000000007 4.470000000000001
 202 7.350000000000007 1.8
 204 7.550000000000007 4.175
 206 6.433333333333337 3.883333333333332
 211 9.525000000000009 2.732142857142856
 213 6.570000000000005 1.53
 217 8.422058823529424 3.794117647058823
 218 6.570000000000005 1.53
 221 5.110714285714288 3.835714285714285
 226 5.99117647058824 4.508823529411764
 227 9.000000000000011 3.524999999999999
 228 6.887500000000006 3.649999999999999
 229 5.362500000000002 4.35
 230 5.850000000000003 2.624999999999999
 231 8.400000000000009 7.650000000000007
 233 7.125000000000006 7.800000000000008
 234 6.669230769230774 7.934615384615392
 236 8.95000000000001 7.150000000000006
 238 8.277272727272738 5.536363636363639
 239 8.28000000000001 7.260000000000007
 240 8.32500000000001 7.125000000000006
 243 6.925000000000005 7.725000000000008
 245 7.507500000000006 8.76000000000001
 249 9.150000000000011 7.020000000000006
 250 8.217391304347837 9.156521739130444
 251 7.200000000000006 7.650000000000007
 254 5.100000000000001 8.065384615384623
 255 8.304545454545462 8.004545454545463
 259 7.818750000000009 8.75625000000001
 261 8.217391304347837 9.156521739130444
 262 6.787500000000006 8.062500000000007
 263 8.925000000000011 6.450000000000005
 264 6.964285714285721 7.376785714285721
 266 9.283928571428586 8.201785714285723
 269 8.48750000000001 8.35000000000001
 271 7.350000000000008 8.70000000000001
 272 7.425000000000007 7.575000000000006
 273 8.95000000000001 7.150000000000006
 274 7.050000000000006 7.786363636363643
 275 8.865000000000011 7.320000000000007
 276 8.32500000000001 7.125000000000006
 279 9.150000000000011 7.020000000000006
 280 7.350000000000007 8.92500000000001
 81 0.7026315789473685 2.178947368421053
 87 1.725 2.549999999999999
 88 3.419999999999999 2.205
 90 3.689999999999999 2.489999999999999
 98 2.639999999999999 1.05
 99 3.419999999999999 2.205
 100 1.586842105263158 1.492105263157895
 101 1.586842105263158 1.492105263157895
 113 2.599999999999999 1.9
 117 0.35 2.5
 120 2.474999999999999 3.674999999999999
 131 4.289999999999999 6.420000000000004
 135 4.950000000000001 7.620000000000007
 136 2.399999999999999 6.600000000000005
 137 2.999999999999999 6.300000000000004
 138 1.18125 7.575000000000007
 142 2.703409090909088 7.950000000000009
 145 1.65 5.400000000000002
 146 4.65 8.250000000000009
 148 4.17 8.820000000000011
 149 1.341666666666667 5.758333333333336
 150 4.800000000000001 8.962500000000011
 151 4.049999999999999 7.200000000000006
 152 2.25 7.583333333333341
 156 4.65 8.100000000000009
 158 0.7263157894736842 5.589473684210529
 160 1.65 5.850000000000003
 161 1.35 7.275000000000007
 164 3.674999999999999 6.600000000000005
 165 1.821428571428571 7.221428571428577
 170 4.950000000000001 8.85000000000001
 174 1.25 7.100000000000006
 175 1.227272727272727 7.527272727272734
 179 3.857142857142856 9.085714285714298
 180 2.136666666666666 8.466666666666677
 181 7.050000000000006 1.65
 186 7.600000000000006 2.375
 192 7.350000000000007 1.05
 193 8.507142857142869 2.978571428571428
 195 9.112500000000011 2.587499999999999
 196 7.350000000000007 1.05
 197 8.962500000000009 4.012499999999999
 207 9.402272727272742 2.427272727272726
 208 7.500000000000007 2.549999999999999
 209 7.350000000000007 4.65
 212 8.700000000000012 2.278124999999999
 215 6.675000000000005 2.999999999999999
 219 7.050000000000006 1.65
 222 9.000000000000011 4.049999999999999
 223 8.400000000000009 4.012499999999999
 224 8.568750000000012 2.306249999999999
 225 7.500000000000007 2.849999999999999
 232 6.38571428571429 6.507142857142862
 235 9.262500000000012 8.55000000000001
 237 4.800000000000001 6.000000000000004
 241 6.243750000000004 6.431250000000004
 242 6.600000000000005 4.950000000000001
 244 6.150000000000004 7.135714285714291
 246 5.050000000000001 6.683333333333339
 247 6.750000000000005 7.950000000000008
 248 4.800000000000001 6.900000000000006
 252 6.093750000000006 6.418750000000004
 253 9.000000000000011 6.150000000000005
 256 5.625000000000003 8.212500000000009
 258 5.625000000000002 7.125000000000006
 260 7.740000000000009 6.495000000000005
 265 9.600000000000012 8.85000000000001
 267 7.050000000000006 8.057142857142866
 268 6.000000000000004 7.800000000000008
 270 9.35000000000001 5.950000000000004
 277 7.425000000000006 9.300000000000011
 278 6.825000000000005 7.98750000000001
