# Created by Octave 2.9.13, Mon Oct 29 21:15:34 2007 EDT <eagblanc@wha300>
# name: Estimatedcoordinates_tot
# type: matrix
# rows: 70
# columns: 3
 44 3.449999999999999 3.064285714285713
 53 3.635294117647058 3.732352941176469
 63 3.118421052631577 3.102631578947367
 65 3.177272727272726 3.272727272727272
 69 3.691463414634148 4.602439024390244
 71 3.099999999999999 3.399999999999999
 75 2.935714285714286 3.316071428571428
 84 3.099999999999999 3.399999999999999
 95 1.5 7.950000000000007
 97 3.299999999999999 4.800000000000001
 98 3.299999999999999 4.800000000000001
 116 4.672727272727273 5.772727272727278
 121 0.45 7.350000000000006
 128 1.2 7.950000000000008
 147 8.400000000000009 2.1
 157 8.400000000000009 2.1
 162 8.250000000000009 2.035714285714286
 181 7.950000000000007 1.35
 184 8.250000000000009 2.25
 194 7.890000000000008 6.030000000000004
 205 7.928571428571437 6.48571428571429
 237 7.595454545454553 6.190909090909096
 238 4.672727272727273 5.772727272727278
 240 6.417857142857147 6.910714285714291
 43 2.999999999999999 2.699999999999999
 46 3.534375 2.15625
 50 2.909999999999999 4.56
 52 2.043749999999999 2.484374999999999
 59 2.320588235294117 4.394117647058823
 61 2.449999999999999 3.349999999999999
 62 3.899999999999999 2.699999999999999
 77 3.779999999999999 3.509999999999999
 80 2.699999999999999 3.299999999999999
 83 2.320588235294117 4.394117647058823
 94 2.924999999999999 5.400000000000002
 96 4.1625 5.737500000000002
 99 4.350000000000001 5.962500000000005
 101 1.9875 7.743750000000009
 103 4.5 5.943750000000003
 104 4.049999999999999 6.000000000000004
 105 2.1375 7.960714285714294
 108 0.45 7.350000000000007
 110 3.299999999999999 5.100000000000001
 117 3.299999999999999 5.261538461538463
 120 1.32 8.46000000000001
 122 1.023529411764706 7.429411764705888
 124 1.0875 7.875000000000008
 125 0.825 7.350000000000007
 129 4.049999999999999 6.000000000000004
 133 0.45 7.350000000000007
 134 1.36 8.370000000000008
 135 0.7125 7.650000000000006
 160 7.650000000000007 1.116666666666667
 164 6.650000000000005 1.25
 175 8.400000000000011 1.3
 176 6.837500000000006 0.9624999999999999
 183 8.775000000000009 2.324999999999999
 188 8.423076923076932 5.215384615384616
 189 8.400000000000011 1.3
 191 7.135714285714291 5.678571428571431
 192 5.850000000000002 6.958333333333339
 199 8.250000000000009 5.550000000000002
 200 6.450000000000005 6.300000000000004
 211 6.450000000000005 6.300000000000004
 214 7.500000000000007 6.300000000000004
 215 7.200000000000006 6.825000000000006
 220 6.150000000000004 7.140000000000006
 232 7.200000000000006 6.112500000000003
 234 6.150000000000004 7.140000000000006
 239 6.712500000000006 5.587500000000002
# name: Estimatedcoordinates2
# type: matrix
# rows: 46
# columns: 3
 43 2.999999999999999 2.699999999999999
 46 3.534375 2.15625
 50 2.909999999999999 4.56
 52 2.043749999999999 2.484374999999999
 59 2.320588235294117 4.394117647058823
 61 2.449999999999999 3.349999999999999
 62 3.899999999999999 2.699999999999999
 77 3.779999999999999 3.509999999999999
 80 2.699999999999999 3.299999999999999
 83 2.320588235294117 4.394117647058823
 94 2.924999999999999 5.400000000000002
 96 4.1625 5.737500000000002
 99 4.350000000000001 5.962500000000005
 101 1.9875 7.743750000000009
 103 4.5 5.943750000000003
 104 4.049999999999999 6.000000000000004
 105 2.1375 7.960714285714294
 108 0.45 7.350000000000007
 110 3.299999999999999 5.100000000000001
 117 3.299999999999999 5.261538461538463
 120 1.32 8.46000000000001
 122 1.023529411764706 7.429411764705888
 124 1.0875 7.875000000000008
 125 0.825 7.350000000000007
 129 4.049999999999999 6.000000000000004
 133 0.45 7.350000000000007
 134 1.36 8.370000000000008
 135 0.7125 7.650000000000006
 160 7.650000000000007 1.116666666666667
 164 6.650000000000005 1.25
 175 8.400000000000011 1.3
 176 6.837500000000006 0.9624999999999999
 183 8.775000000000009 2.324999999999999
 188 8.423076923076932 5.215384615384616
 189 8.400000000000011 1.3
 191 7.135714285714291 5.678571428571431
 192 5.850000000000002 6.958333333333339
 199 8.250000000000009 5.550000000000002
 200 6.450000000000005 6.300000000000004
 211 6.450000000000005 6.300000000000004
 214 7.500000000000007 6.300000000000004
 215 7.200000000000006 6.825000000000006
 220 6.150000000000004 7.140000000000006
 232 7.200000000000006 6.112500000000003
 234 6.150000000000004 7.140000000000006
 239 6.712500000000006 5.587500000000002
# name: Error_2
# type: scalar
0.5698254606374059
# name: Error_total
# type: scalar
0.5615830707340386
# name: size_EstimatedCoordinates_row
# type: scalar
46
