# Created by Octave 2.9.13, Tue Oct 30 19:16:11 2007 EDT <eagblanc@wha257>
# name: Estimatedcoordinates_tot
# type: matrix
# rows: 145
# columns: 3
 82 4.300000000000001 0.3083333333333334
 90 4.51875 0.7874999999999999
 92 4.550000000000001 4.266666666666667
 94 4.35 3.149999999999999
 96 4.609999999999999 3.909999999999999
 99 4.728571428571428 3.978571428571429
 106 2.699999999999999 4.425
 108 3.206249999999999 4.40625
 109 4.514999999999999 0.7649999999999999
 110 2.849999999999999 4.875000000000001
 111 3.224999999999999 4.425
 113 3.149999999999999 3.149999999999999
 114 4.35 3.149999999999999
 117 4.049999999999999 2.999999999999999
 119 4.049999999999999 2.25
 120 3.674999999999999 4.35
 122 4.225000000000001 3.274999999999999
 123 3.149999999999999 3.149999999999999
 124 0.6875 0.4874999999999999
 126 3.224999999999999 4.425
 131 5.013157894736843 7.065789473684217
 133 4.662500000000001 5.300000000000002
 134 4.765909090909092 7.322727272727279
 138 4.2 7.350000000000007
 139 2.249999999999999 8.85000000000001
 141 0.7833333333333334 5.116666666666668
 142 0.675 8.775000000000009
 143 1.95 8.250000000000009
 144 2.149999999999999 8.962500000000007
 146 1.635 5.130000000000001
 148 2.77 8.415000000000012
 150 1.95 8.250000000000009
 152 3.149999999999999 4.466666666666667
 153 2.549999999999998 5.406521739130437
 155 1.6 8.500000000000009
 156 0.9750000000000001 9.000000000000011
 157 3.959999999999998 8.83500000000001
 159 1.438888888888888 6.338888888888893
 160 4.049999999999999 5.400000000000002
 163 5.100000000000001 7.100000000000006
 164 2.499999999999999 5.050000000000002
 166 0.6 8.70000000000001
 168 1.05 5.400000000000002
 172 1.425 5.250000000000002
 173 2.25 6.150000000000004
 174 0.675 8.775000000000009
 175 3.959999999999998 8.83500000000001
 178 4.124999999999999 5.925000000000003
 179 1.05 8.97500000000001
 181 8.732142857142867 4.853571428571429
 185 6.219642857142861 4.692857142857144
 191 5.950000000000004 4.449999999999999
 194 5.850000000000003 0.3
 197 9.364285714285725 4.307142857142857
 199 6.237931034482763 4.72241379310345
 202 6.375000000000004 0.9000000000000001
 204 7.779310344827596 1.313793103448276
 205 6.000000000000004 3.937499999999999
 206 5.050000000000002 0.325
 207 5.400000000000002 1.2
 208 6.725000000000005 0.625
 210 7.26428571428572 5.314285714285716
 212 6.567857142857148 4.649999999999999
 216 5.231250000000001 1.35
 218 6.150000000000004 0.75
 219 6.219642857142861 4.692857142857144
 220 6.375000000000004 0.9000000000000001
 222 5.300000000000002 4.5
 223 6.600000000000005 5.250000000000002
 226 6.312857142857147 4.770000000000001
 227 6.219642857142861 4.692857142857144
 231 6.090000000000005 6.870000000000006
 233 6.450000000000005 6.450000000000005
 234 7.830000000000008 5.31
 235 7.050000000000007 5.600000000000001
 236 7.100000000000006 5.950000000000004
 238 5.100000000000001 5.025000000000001
 239 7.050000000000006 5.550000000000002
 240 5.683333333333334 5.183333333333334
 242 4.7 6.800000000000005
 244 6.187500000000004 7.725000000000008
 252 6.300000000000004 5.350000000000001
 254 6.450000000000005 7.275000000000007
 255 6.750000000000005 7.800000000000008
 256 6.375000000000004 6.675000000000005
 261 5.700000000000003 6.225000000000004
 262 7.080000000000005 5.790000000000003
 263 5.521875000000002 5.381250000000002
 264 7.237500000000006 4.725000000000001
 265 6.150000000000003 6.550000000000004
 266 8.250000000000011 6.158035714285716
 268 8.400000000000009 5.100000000000001
 271 8.100000000000009 4.735714285714287
 279 7.125000000000005 5.910000000000004
 83 0.9 4.950000000000001
 91 3.349999999999999 2.899999999999999
 93 2.699999999999999 3.824999999999999
 95 4.65 2.999999999999999
 97 3.787499999999999 0.45
 102 2.809999999999999 1.1
 103 5.550000000000002 4.5
 118 4.185 1.125
 121 2.999999999999999 2.624999999999999
 125 3.399999999999999 3.399999999999999
 132 1.2 6.525000000000005
 135 1.05 6.300000000000004
 136 3.749999999999999 6.600000000000005
 137 4.574999999999999 7.800000000000007
 140 2.399999999999999 7.575000000000007
 145 4.65 5.250000000000002
 147 3.449999999999999 8.400000000000009
 149 1.2 6.825000000000006
 151 2.399999999999999 7.725000000000007
 154 3.299999999999999 8.100000000000009
 161 1.2 8.85000000000001
 162 3.899999999999999 6.825000000000006
 165 1.05 9.300000000000011
 167 2.549999999999999 6.375000000000004
 169 3.199999999999999 6.400000000000003
 170 3.899999999999999 8.775000000000009
 176 2.475 9.07500000000001
 177 1.2 5.850000000000003
 180 4.199999999999999 6.750000000000005
 182 5.925000000000004 4.199999999999999
 186 8.32500000000001 1.05
 188 7.650000000000007 1.071428571428571
 189 5.100000000000001 3.749999999999999
 190 6.800000000000005 1.4
 193 7.500000000000007 3.899999999999999
 201 7.050000000000006 4.35
 203 9.150000000000011 4.5
 211 7.738775510204088 1.083673469387755
 214 7.740697674418614 1.088372093023256
 215 6.450000000000005 1.35
 217 7.607142857142866 1.392857142857143
 224 7.687500000000007 1.1625
 228 7.284375000000006 2.924999999999999
 229 6.937500000000005 4.35
 241 6.150000000000004 8.400000000000009
 246 8.70000000000001 5.850000000000004
 249 6.350000000000004 8.45000000000001
 257 6.350000000000004 8.45000000000001
 269 6.075000000000005 8.400000000000009
 274 8.700000000000008 6.120000000000005
 278 5.100000000000001 7.500000000000007
# name: Estimatedcoordinates2
# type: matrix
# rows: 51
# columns: 3
 83 0.9 4.950000000000001
 91 3.349999999999999 2.899999999999999
 93 2.699999999999999 3.824999999999999
 95 4.65 2.999999999999999
 97 3.787499999999999 0.45
 102 2.809999999999999 1.1
 103 5.550000000000002 4.5
 118 4.185 1.125
 121 2.999999999999999 2.624999999999999
 125 3.399999999999999 3.399999999999999
 132 1.2 6.525000000000005
 135 1.05 6.300000000000004
 136 3.749999999999999 6.600000000000005
 137 4.574999999999999 7.800000000000007
 140 2.399999999999999 7.575000000000007
 145 4.65 5.250000000000002
 147 3.449999999999999 8.400000000000009
 149 1.2 6.825000000000006
 151 2.399999999999999 7.725000000000007
 154 3.299999999999999 8.100000000000009
 161 1.2 8.85000000000001
 162 3.899999999999999 6.825000000000006
 165 1.05 9.300000000000011
 167 2.549999999999999 6.375000000000004
 169 3.199999999999999 6.400000000000003
 170 3.899999999999999 8.775000000000009
 176 2.475 9.07500000000001
 177 1.2 5.850000000000003
 180 4.199999999999999 6.750000000000005
 182 5.925000000000004 4.199999999999999
 186 8.32500000000001 1.05
 188 7.650000000000007 1.071428571428571
 189 5.100000000000001 3.749999999999999
 190 6.800000000000005 1.4
 193 7.500000000000007 3.899999999999999
 201 7.050000000000006 4.35
 203 9.150000000000011 4.5
 211 7.738775510204088 1.083673469387755
 214 7.740697674418614 1.088372093023256
 215 6.450000000000005 1.35
 217 7.607142857142866 1.392857142857143
 224 7.687500000000007 1.1625
 228 7.284375000000006 2.924999999999999
 229 6.937500000000005 4.35
 241 6.150000000000004 8.400000000000009
 246 8.70000000000001 5.850000000000004
 249 6.350000000000004 8.45000000000001
 257 6.350000000000004 8.45000000000001
 269 6.075000000000005 8.400000000000009
 274 8.700000000000008 6.120000000000005
 278 5.100000000000001 7.500000000000007
# name: Error_2
# type: scalar
0.6880071856983525
# name: Error_total
# type: scalar
0.5930168624115151
# name: size_EstimatedCoordinates_row
# type: scalar
51
