# Created by Octave 2.9.13, Wed Oct 31 03:14:19 2007 EDT <eagblanc@wha86>
# name: Estimatedcoordinates_tot
# type: matrix
# rows: 197
# columns: 3
 122 1.67 5.450000000000002
 123 4.35 2.549999999999999
 124 0.675 4.049999999999999
 125 0.7000000000000001 4.35
 126 2.999999999999999 2.849999999999999
 127 4.562499999999999 1.075
 128 5.025000000000001 3.149999999999999
 129 2.399999999999999 4.199999999999999
 130 5.250000000000002 1.2
 131 0.3 3.299999999999999
 132 4.274999999999999 4.124999999999999
 133 2.512499999999999 3.337499999999999
 134 2.1 1.35
 135 1.9125 0.675
 136 4.65 4.274999999999999
 137 0.3 3.299999999999999
 138 4.45 2.849999999999999
 139 1.05 3.539999999999999
 141 3.72 3.635999999999999
 142 4.087499999999999 3.712499999999999
 143 1.125 1.575
 144 2.459999999999999 1.91
 145 3.131999999999999 3.287999999999999
 146 2.46 1.17
 147 3.661764705882351 2.894117647058823
 148 3.349999999999999 2.016666666666667
 150 4.35 2.1
 151 5.100000000000001 2.999999999999999
 152 3.349999999999999 2.016666666666667
 153 1.125 1.575
 154 1.75 0.7999999999999999
 155 4.44 1.29
 156 0.825 4.425
 157 3.862499999999999 4.1625
 158 4.199999999999999 3.599999999999999
 161 0.825 3.899999999999999
 162 3.366666666666665 3.516666666666666
 163 4.685294117647059 4.235294117647058
 164 1.133333333333334 1.566666666666667
 165 2.1 4.875000000000001
 166 4.35 2.549999999999999
 167 2.22 1.53
 168 3.749999999999999 4.274999999999999
 169 2 4.55
 170 3.974999999999999 4.049999999999999
 171 2.04 6.480000000000004
 172 3.893181818181817 5.188636363636365
 173 3.149999999999999 9.300000000000011
 174 0.7764705882352942 9.317647058823542
 176 4.800000000000001 8.100000000000009
 177 3.103846153846152 8.157692307692317
 178 1.159090909090909 6.436363636363641
 179 0.9115384615384616 5.134615384615387
 180 4.575 9.375000000000011
 182 0.5590909090909091 7.090909090909096
 183 4.274999999999999 7.425000000000006
 184 5.325000000000002 7.500000000000007
 185 4.800000000000001 9.150000000000011
 186 3.374999999999998 5.700000000000004
 187 1.692857142857143 9.342857142857154
 188 3.224999999999999 7.350000000000007
 189 1.8375 8.812500000000011
 190 0.675 5.100000000000001
 191 1.3125 9.000000000000011
 192 1.65 9.000000000000011
 194 4.950000000000001 7.500000000000007
 195 3.799999999999999 6.950000000000006
 196 3.449999999999999 7.650000000000007
 197 1.376086956521739 4.408695652173913
 198 4.189285714285714 8.207142857142866
 199 1.37 6.550000000000005
 201 0.75 9.000000000000011
 202 3.649999999999999 8.55000000000001
 203 3.674999999999999 6.975000000000006
 204 1.35 6.600000000000005
 205 1.5 6.250000000000004
 206 1.2375 5.362500000000002
 207 3.449999999999999 8.100000000000009
 208 2.399999999999999 9.000000000000011
 209 4.399999999999999 6.966666666666672
 210 2.564999999999999 8.535000000000011
 211 2.474999999999999 6.300000000000004
 212 4.762500000000001 9.412500000000012
 214 0.6583333333333333 8.875000000000011
 215 3.149999999999999 9.300000000000011
 216 4.815 6.810000000000005
 218 2.04 8.310000000000008
 219 1.8375 8.812500000000011
 220 3.599999999999999 5.400000000000002
 222 4.800000000000001 3.299999999999999
 223 8.45000000000001 3.749999999999999
 224 5.250000000000002 1.2
 225 6.825000000000006 1.8
 227 5.250000000000002 3.074999999999999
 228 6.525000000000005 4.124999999999999
 229 6.180000000000004 3.539999999999999
 231 7.968750000000008 0.7875
 233 7.75384615384616 2.849999999999999
 235 5.520000000000004 3.449999999999999
 236 7.275000000000007 2.025
 237 8.083333333333341 5.016666666666667
 238 8.55000000000001 1.725
 241 8.160000000000009 3.929999999999999
 242 5.925000000000004 2.25
 243 5.350000000000001 4.45
 244 6.000000000000004 2.399999999999999
 245 8.80000000000001 5.250000000000002
 246 8.70000000000001 2.399999999999999
 247 4.917857142857144 4.585714285714285
 248 6.375000000000004 3.674999999999999
 249 5.325000000000002 4.049999999999999
 250 5.025000000000001 1.35
 251 5.400000000000002 1.8
 252 6.000000000000004 4.1625
 253 8.55000000000001 1.2
 254 6.000000000000004 3.224999999999999
 255 7.150000000000006 2.06
 257 4.55 2.324999999999999
 259 7.050000000000006 2.25
 260 7.500000000000007 2.324999999999999
 261 7.75384615384616 2.849999999999999
 262 7.943750000000006 0.8500000000000001
 263 8.910000000000009 0.7499999999999999
 264 6.707142857142863 1.35
 266 6.300000000000004 1.2
 267 6.450000000000005 3.599999999999999
 268 9.100000000000014 4.683333333333334
 270 5.850000000000003 1.5
 271 8.400000000000009 7.350000000000007
 273 7.987500000000008 6.450000000000005
 274 8.250000000000009 8.100000000000009
 275 8.55000000000001 5.700000000000003
 276 4.800000000000001 9.150000000000011
 277 6.450000000000005 5.925000000000004
 279 4.917857142857144 4.585714285714285
 280 9.000000000000012 8.17500000000001
 281 9.090000000000012 6.270000000000005
 283 5.100000000000001 7.922727272727281
 284 8.025000000000009 6.900000000000006
 287 5.550000000000002 9.000000000000011
 288 6.31071428571429 7.650000000000006
 289 5.662500000000002 6.337500000000004
 290 9.000000000000011 6.750000000000005
 291 9.300000000000011 8.55000000000001
 292 8.740909090909101 6.436363636363641
 295 9.090000000000012 6.270000000000005
 296 6.450000000000005 7.200000000000006
 297 9.10000000000001 6.250000000000004
 298 8.580000000000009 6.120000000000005
 299 7.900000000000008 6.850000000000006
 300 7.000000000000006 6.800000000000005
 301 9.150000000000011 7.350000000000007
 303 9.120000000000012 8.340000000000007
 305 7.962500000000009 6.650000000000005
 306 4.980000000000001 7.530000000000006
 307 5.700000000000003 9.150000000000011
 308 8.335714285714294 8.485714285714295
 309 9.075000000000012 6.225000000000004
 310 5.775000000000003 9.150000000000011
 311 6.825000000000006 7.200000000000006
 312 9.050000000000011 8.55000000000001
 314 8.580000000000009 6.120000000000005
 315 6.330000000000004 7.290000000000006
 316 4.5 9.000000000000011
 317 8.596153846153859 6.369230769230773
 319 7.934210526315796 8.400000000000011
 320 9.210000000000012 6.330000000000004
 121 2.549999999999999 0.45
 140 2.1 0.9
 159 2.849999999999999 3.299999999999999
 160 2.399999999999999 0.75
 175 0.525 8.400000000000009
 181 1.35 7.500000000000007
 193 1.05 8.55000000000001
 200 2.399999999999999 5.250000000000002
 213 1.05 8.250000000000009
 217 1.35 6.600000000000005
 221 8.70000000000001 0.675
 226 5.458695652173915 0.7891304347826085
 230 5.800000000000003 0.9
 232 9.214285714285726 1.521428571428572
 234 7.950000000000008 0.6
 239 8.925000000000011 2.849999999999999
 240 9.15937500000001 0.9515625000000001
 256 9.075000000000012 3.682499999999999
 258 8.79000000000001 1.23
 265 8.940000000000012 2.579999999999999
 269 9.22500000000001 4.575
 272 9.450000000000012 6.450000000000005
 278 7.050000000000006 7.350000000000007
 282 9.225000000000012 8.775000000000009
 285 7.375000000000007 5.575000000000002
 286 6.150000000000004 8.400000000000009
 293 8.100000000000009 6.150000000000004
 294 6.450000000000005 7.650000000000007
 302 7.350000000000007 8.55000000000001
 304 6.000000000000004 6.750000000000005
