# Created by Octave 2.9.13, Wed Oct 31 01:57:56 2007 EDT <eagblanc@wha437>
# name: Estimatedcoordinates_tot
# type: matrix
# rows: 197
# columns: 3
 121 3.549999999999999 1.375
 122 2.549999999999999 2.175
 126 1.5 2.999999999999999
 127 3.599999999999999 1.575
 128 5.140000000000001 1.07
 129 1.95 3.799999999999999
 130 4.274999999999999 1.275
 132 1.7 3.7
 133 3.449999999999999 3.599999999999999
 134 4.35 1.35
 135 3.349999999999999 1.55
 136 4.29375 4.531250000000001
 137 3.749999999999999 3.524999999999999
 138 3.249999999999999 5.100000000000001
 139 4.800000000000001 4.199999999999999
 140 2.25 1.45
 141 2.234999999999999 1.095
 142 2.774999999999999 1.5
 143 3.449999999999999 1.8
 144 2.549999999999999 4.65
 145 0.9249999999999999 1.575
 146 4.800000000000001 2.025
 147 0.9937499999999999 1.6875
 148 1.472727272727273 1.95
 149 4.475 3.049999999999999
 150 2.01 1.86
 152 2.849999999999999 4.65
 153 3.449999999999999 4.575
 154 0.8999999999999999 1.675
 155 3.374999999999999 2.324999999999999
 156 2.1 1.275
 157 2.999999999999999 2.1
 158 3.815 1.71
 159 2.1 1.65
 161 3.374999999999999 3.674999999999999
 162 3.749999999999999 1.5
 163 4.800000000000001 2.1
 164 1.425 2.999999999999999
 165 1.875 1.65
 166 0.9 0.8357142857142857
 167 2.474999999999999 1.35
 168 1.8 3.749999999999999
 170 0.8999999999999999 1.675
 171 1.678125 7.715625000000007
 172 1.5 8.100000000000009
 173 2.474999999999999 4.449999999999999
 174 3.224999999999998 5.512500000000002
 175 2.849999999999999 7.800000000000007
 176 1.98 6.690000000000005
 177 3.704999999999999 7.687500000000007
 178 2.025 5.475000000000001
 179 0.5820000000000001 9.168000000000012
 180 1.275 8.70000000000001
 181 3.159374999999999 5.784375000000002
 182 2.2875 5.325000000000002
 183 1.95 7.050000000000006
 184 2.549999999999999 8.70000000000001
 185 2.19375 6.487500000000005
 186 0.5499999999999999 8.45000000000001
 187 1.1 4.775000000000001
 188 2.699999999999999 7.950000000000008
 189 1.342105263157895 7.594736842105271
 191 2.449999999999999 8.000000000000009
 193 2.299999999999999 6.075000000000004
 194 2.849999999999999 8.100000000000009
 195 4.575 5.550000000000002
 196 4.725000000000001 5.850000000000003
 197 4.208333333333333 6.875000000000006
 200 3.749999999999999 7.854545454545462
 202 1.443749999999999 4.931250000000001
 203 1.2 9.000000000000011
 204 5.212500000000002 7.875000000000007
 205 2.999999999999999 7.685294117647066
 206 3.299999999999999 6.450000000000006
 207 1.425 8.212500000000007
 208 2.1 6.562500000000005
 209 2.774999999999999 8.250000000000009
 211 5.212500000000002 7.875000000000007
 212 4.024999999999999 6.525000000000006
 213 3.749999999999999 5.662500000000002
 214 4.875000000000001 8.775000000000009
 215 2.812499999999999 8.962500000000009
 216 3 7.268181818181825
 217 4.5 8.775000000000009
 218 3.649999999999999 9.800000000000013
 220 4.474999999999999 6.850000000000005
 221 9.216666666666677 3.166666666666666
 223 8.56875000000001 3.562499999999999
 224 6.900000000000006 1.35
 228 7.83103448275863 0.5689655172413792
 229 6.942857142857148 2.378571428571428
 230 6.675000000000005 3.149999999999999
 231 8.704054054054069 0.7702702702702703
 232 9.216666666666677 3.166666666666666
 233 6.975000000000006 3.149999999999999
 234 6.300000000000004 3.074999999999999
 235 8.775000000000009 3.524999999999999
 236 8.391666666666676 1.366666666666667
 237 7.462500000000007 2.025
 238 6.177272727272733 1.090909090909091
 239 6.075000000000005 0.9750000000000001
 241 9.046153846153857 2.988461538461538
 242 6.450000000000005 3.224999999999999
 244 7.800000000000008 2.999999999999999
 245 9.046153846153857 2.988461538461538
 246 6.525000000000005 2.849999999999999
 247 7.900000000000008 1.95
 248 5.925000000000004 2.324999999999999
 250 8.72500000000001 4.858333333333334
 253 6.177272727272733 1.090909090909091
 254 8.677500000000014 1.065
 255 6.750000000000005 2.699999999999999
 257 6.925000000000005 2.375
 258 7.500000000000007 3.299999999999999
 259 8.625000000000009 3.625
 260 7.800000000000008 2.1
 261 5.25 1.258928571428571
 262 7.540909090909099 2.740909090909089
 264 7.500000000000007 3.299999999999999
 265 9.000000000000011 3.599999999999999
 266 8.400000000000009 3.449999999999999
 267 5.175000000000002 4.35
 268 7.110000000000007 3.269999999999999
 269 6.937500000000005 2.25
 270 5.250000000000002 2.699999999999999
 271 7.836000000000009 9.366000000000012
 272 5.850000000000003 7.800000000000008
 273 9.150000000000011 5.070000000000001
 274 9.266666666666678 9.516666666666678
 275 6.000000000000004 8.70000000000001
 276 6.900000000000006 8.70000000000001
 277 9.000000000000011 6.450000000000006
 278 8.616666666666676 6.566666666666673
 279 6.150000000000005 4.800000000000001
 280 5.670000000000003 6.735000000000005
 281 6.431250000000004 8.56875000000001
 282 5.475000000000002 9.412500000000012
 284 9.208064516129046 7.964516129032265
 285 8.805319148936183 8.400000000000009
 286 4.589999999999999 9.465000000000012
 288 9.300000000000011 6.000000000000004
 289 6.927272727272734 7.500000000000008
 290 5.400000000000002 6.816666666666672
 291 9.382500000000013 8.79750000000001
 292 5.775000000000003 9.000000000000011
 293 5.400000000000002 6.816666666666672
 294 8.175000000000008 6.900000000000006
 295 5.754545454545457 8.127272727272736
 296 7.875000000000008 8.85000000000001
 297 5.850000000000003 7.800000000000008
 298 5.225000000000001 6.412500000000004
 299 6.157894736842112 5.715789473684213
 300 9.13500000000001 5.070000000000001
 302 5.750000000000003 4.5
 303 6.450000000000006 8.625000000000011
 304 6.000000000000004 6.900000000000006
 305 6.390000000000005 9.120000000000012
 306 9.431250000000011 7.696875000000007
 307 9.300000000000011 6.000000000000004
 308 8.100000000000009 8.85000000000001
 310 5.975000000000004 5.950000000000003
 311 7.440000000000007 6.300000000000005
 313 6.000000000000004 6.900000000000006
 314 7.300000000000007 7.650000000000008
 315 8.100000000000009 9.000000000000011
 317 5.750000000000003 4.5
 318 8.594117647058837 9.158823529411777
 319 6.825000000000006 6.750000000000005
 320 9.460714285714298 8.903571428571437
 123 1.05 0.45
 124 1.2 4.950000000000001
 131 0.675 1.2
 151 3.899999999999999 0.75
 160 0.6461538461538462 0.8423076923076924
 169 0.825 2.1
 190 1.0875 6.412500000000005
 192 1.5 8.100000000000009
 198 0.8129032258064516 6.812903225806457
 201 1.425 5.475000000000002
 219 1.65 6.450000000000005
 222 9.385714285714297 0.8357142857142857
 225 8.70000000000001 1.028571428571429
 226 7.500000000000007 0.7000000000000001
 227 9.385714285714297 0.8357142857142857
 240 8.583333333333345 1.116666666666666
 243 7.575000000000006 1.125
 249 9.57857142857144 2.678571428571428
 251 9.385714285714297 0.8357142857142857
 252 9.385714285714297 0.8357142857142857
 256 7.312500000000006 0.6000000000000001
 263 9.325000000000012 1.65
 283 6.750000000000005 6.300000000000004
 287 8.400000000000009 4.65
 301 9.000000000000011 5.400000000000002
 309 9.000000000000011 9.600000000000012
 312 7.950000000000008 5.550000000000002
 316 7.500000000000007 6.600000000000005
