# Created by Octave 2.9.13, Tue Oct 30 17:36:32 2007 EDT <eagblanc@wha354>
# name: Estimatedcoordinates
# type: matrix
# rows: 95
# columns: 3
 82 0.75 3.299999999999999
 84 2.791071428571429 1.971428571428571
 85 1.125 4.5
 86 3.749999999999999 3.899999999999999
 89 4.049999999999999 4.199999999999999
 94 2.399999999999999 3.049999999999999
 95 0.6 3.524999999999999
 96 1.98 3.899999999999999
 97 0.675 3.449999999999999
 102 4.274999999999999 4.35
 104 2.474999999999999 5.100000000000001
 107 1.3 4.324999999999999
 109 3.187499999999999 2.212499999999999
 110 1.15 3.049999999999999
 114 2.699999999999999 3.749999999999999
 116 2.849999999999999 3.749999999999999
 119 4.5 4.25625
 121 3.824999999999999 3.899999999999999
 125 0.75 3.749999999999999
 127 3.333333333333332 4.166666666666666
 128 1.45 2.849999999999999
 129 2.909999999999999 2.819999999999999
 130 3.712499999999999 4.5
 132 2.549999999999999 6.375000000000005
 133 5.280000000000002 8.910000000000013
 134 1.421428571428571 6.207142857142861
 139 4.511538461538461 5.907692307692311
 140 1.642105263157895 5.739473684210529
 141 3.94054054054054 4.714864864864865
 143 2.316666666666666 6.550000000000005
 144 3.34468085106383 6.357446808510642
 153 4.5 6.225000000000004
 157 2.8625 6.195833333333338
 159 1.29 7.110000000000006
 162 3.781249999999999 6.575000000000004
 166 1.421428571428571 6.207142857142861
 167 1.33235294117647 7.579411764705888
 168 2.485714285714285 6.235714285714289
 171 3.192857142857142 5.855357142857146
 172 4.2 9.275000000000011
 173 4.51875 6.037500000000003
 176 2.884615384615385 6.211538461538466
 177 3.539999999999999 6.170000000000004
 178 4.17 9.340000000000011
 182 6.055147058823532 4.650000000000001
 185 6.060000000000004 4.245
 188 5.871428571428575 3.392857142857141
 189 4.774999999999999 3.399999999999999
 190 9.150000000000011 4.049999999999999
 191 9.150000000000011 4.049999999999999
 194 5.713636363636366 2.931818181818181
 198 7.000000000000006 3.599999999999999
 199 7.830000000000007 4.470000000000001
 202 7.350000000000007 1.8
 204 7.550000000000007 4.175
 206 6.433333333333337 3.883333333333332
 211 9.525000000000009 2.732142857142856
 213 6.570000000000005 1.53
 217 8.422058823529424 3.794117647058823
 218 6.570000000000005 1.53
 221 5.110714285714288 3.835714285714285
 226 5.99117647058824 4.508823529411764
 227 9.000000000000011 3.524999999999999
 228 6.887500000000006 3.649999999999999
 229 5.362500000000002 4.35
 230 5.850000000000003 2.624999999999999
 231 8.400000000000009 7.650000000000007
 233 7.125000000000006 7.800000000000008
 234 6.669230769230774 7.934615384615392
 236 8.95000000000001 7.150000000000006
 238 8.277272727272738 5.536363636363639
 239 8.28000000000001 7.260000000000007
 240 8.32500000000001 7.125000000000006
 243 6.925000000000005 7.725000000000008
 245 7.507500000000006 8.76000000000001
 249 9.150000000000011 7.020000000000006
 250 8.217391304347837 9.156521739130444
 251 7.200000000000006 7.650000000000007
 254 5.100000000000001 8.065384615384623
 255 8.304545454545462 8.004545454545463
 259 7.818750000000009 8.75625000000001
 261 8.217391304347837 9.156521739130444
 262 6.787500000000006 8.062500000000007
 263 8.925000000000011 6.450000000000005
 264 6.964285714285721 7.376785714285721
 266 9.283928571428586 8.201785714285723
 269 8.48750000000001 8.35000000000001
 271 7.350000000000008 8.70000000000001
 272 7.425000000000007 7.575000000000006
 273 8.95000000000001 7.150000000000006
 274 7.050000000000006 7.786363636363643
 275 8.865000000000011 7.320000000000007
 276 8.32500000000001 7.125000000000006
 279 9.150000000000011 7.020000000000006
 280 7.350000000000007 8.92500000000001
# name: Error_total
# type: scalar
0.5165054025229832
# name: size_EstimatedCoordinates_row
# type: scalar
95
