# Created by Octave 2.9.13, Tue Oct 30 02:29:10 2007 EDT <eagblanc@wha260>
# name: Estimatedcoordinates
# type: matrix
# rows: 56
# columns: 3
 67 1.82 5.390000000000002
 69 2.774999999999999 0.75
 73 2.824999999999999 4.816666666666667
 83 3.149999999999999 0.9
 84 2.629999999999998 1.51
 88 0.45 4.65
 89 5.08 5.095000000000001
 93 2.273076923076922 0.8076923076923077
 99 2.607692307692306 5.492307692307695
 102 0.45 4.65
 109 4.467391304347826 4.715217391304349
 113 2.242499999999999 6.716250000000004
 114 2.899999999999999 6.325000000000006
 117 3.24642857142857 6.578571428571432
 122 2.599999999999999 8.000000000000009
 133 3.214285714285713 6.557142857142863
 134 2.924999999999999 7.950000000000008
 135 2.335714285714285 8.207142857142866
 136 2.35 8.245454545454555
 140 2.587499999999999 8.475000000000009
 143 2.924999999999999 8.025000000000009
 146 2.048076923076923 6.230769230769235
 147 2.899999999999999 8.000000000000009
 148 1.3 5.100000000000001
 150 2.25 8.85000000000001
 154 2.587499999999999 7.462500000000007
 159 1.3 5.100000000000001
 160 3.824999999999999 7.725000000000007
 165 8.36250000000001 1.35
 170 7.881818181818193 3.34090909090909
 171 8.025000000000007 0.975
 172 7.980000000000008 1.125
 173 7.698214285714293 0.8089285714285717
 178 7.980000000000008 1.125
 179 7.070000000000011 3.219999999999999
 188 6.396226415094347 4.038679245283018
 190 7.253571428571435 1.135714285714286
 195 8.55000000000001 1.05
 201 6.520312500000006 4.005468749999999
 208 6.493181818181824 4.170454545454546
 212 5.24558823529412 9.048529411764717
 213 6.931250000000005 7.968750000000008
 217 5.24558823529412 9.048529411764717
 224 5.463000000000001 8.403000000000009
 227 6.862500000000008 9.431250000000013
 228 6.750000000000004 8.100000000000009
 230 5.850000000000003 8.70000000000001
 231 6.204545454545459 9.415909090909103
 236 5.906250000000003 7.668750000000007
 245 5.287500000000001 4.65
 246 5.287500000000001 4.65
 248 5.850000000000003 9.750000000000012
 249 5.24558823529412 9.048529411764717
 250 6.931250000000005 7.968750000000008
 257 5.287500000000001 4.65
 260 5.618181818181823 8.379545454545461
# name: Error_total
# type: scalar
0.5272738789168674
# name: size_EstimatedCoordinates_row
# type: scalar
56
