# Created by Octave 2.9.13, Mon Oct 29 19:16:33 2007 EDT <eagblanc@wha22>
# name: Estimatedcoordinates
# type: matrix
# rows: 28
# columns: 3
 43 2.849999999999999 2.449999999999999
 44 3.959999999999999 4.750000000000001
 51 4.575 2.399999999999999
 59 3.149999999999999 2.474999999999999
 62 4.627777777777778 1.983333333333333
 71 3.797727272727272 1.840909090909091
 86 2.512499999999999 1.8
 87 4.84375 2.593749999999999
 88 2.849999999999999 2.449999999999999
 92 4.199999999999999 5.250000000000002
 102 3.774999999999999 5.350000000000001
 115 5.100000000000001 5.400000000000002
 121 3.049999999999999 5.550000000000002
 125 5.100000000000001 5.400000000000002
 128 4.275 4.762500000000001
 143 4.575 2.399999999999999
 151 5.250000000000002 1.8
 162 6.103846153846159 2.734615384615383
 172 6.173684210526321 2.707894736842104
 185 6.175000000000006 2.666666666666666
 186 8.7529411764706 5.188235294117647
 196 7.750000000000007 6.200000000000006
 210 7.710714285714294 5.971428571428576
 221 5.580000000000003 8.685000000000011
 222 7.710714285714294 5.971428571428576
 229 8.775000000000009 5.750000000000003
 230 7.750000000000007 6.200000000000006
 233 5.580000000000003 8.685000000000011
# name: Error_total
# type: scalar
0.5026068807790606
# name: size_EstimatedCoordinates_row
# type: scalar
28
