# Created by Octave 2.9.13, Mon Oct 29 20:36:41 2007 EDT <eagblanc@wha300>
# name: Estimatedcoordinates_tot
# type: matrix
# rows: 71
# columns: 3
 42 3.344999999999999 1.41
 49 4.341666666666667 1.975
 92 2.1 9.375000000000011
 93 2.1 9.375000000000011
 97 2.279999999999999 8.87000000000001
 103 2.759999999999999 9.375000000000011
 115 2.296153846153846 8.919230769230779
 118 2.824999999999999 9.325000000000012
 122 2.374999999999999 8.775000000000011
 129 2.1 9.375000000000011
 137 2.216666666666666 8.900000000000011
 140 2.574999999999999 8.587500000000011
 141 8.083333333333343 2.399999999999999
 157 8.85000000000001 2.25
 165 8.335714285714296 3.364285714285713
 168 7.151162790697684 3.216279069767441
 171 7.766666666666674 3.816666666666666
 177 8.244000000000009 2.417999999999999
 178 8.85000000000001 2.25
 183 7.200000000000007 2.849999999999999
 194 7.963636363636375 8.872727272727282
 212 7.963636363636375 8.872727272727282
 217 9.054545454545465 8.290909090909102
 218 7.96406250000001 8.89687500000001
 224 7.96406250000001 8.89687500000001
 233 7.950000000000008 8.100000000000009
 52 3.367499999999999 1.095
 58 3.224999999999999 1.725
 67 3.899999999999999 1.1
 69 3.425999999999999 1.116
 72 3.367499999999999 1.095
 74 3.224999999999999 1.725
 77 4.099999999999999 1.4
 94 2.599999999999999 8.250000000000009
 102 2.25 7.800000000000008
 105 2.699999999999999 8.30000000000001
 110 2.324999999999999 7.425000000000007
 114 1.275 7.575000000000007
 116 3.834782608695651 9.215217391304359
 117 2.624999999999999 8.287500000000009
 119 1.8 7.950000000000008
 123 2.324999999999999 7.425000000000007
 127 1.6875 8.137500000000008
 133 3.73235294117647 9.247058823529423
 136 1.6875 8.137500000000008
 142 6.369000000000004 2.463
 146 7.575000000000006 3.449999999999999
 149 7.500000000000007 3.524999999999999
 150 7.750000000000007 1.55
 154 8.55000000000001 3.299999999999999
 155 6.369000000000004 2.463
 156 8.55000000000001 3.299999999999999
 162 6.800000000000005 2.812499999999999
 164 7.050000000000007 3.349999999999999
 166 8.657142857142867 4.896428571428573
 169 8.36250000000001 3.562499999999998
 170 8.97500000000001 2.2
 174 7.425000000000007 2.699999999999999
 176 6.806250000000005 2.90625
 179 6.787500000000005 2.962499999999999
 187 9.068181818181829 2.781818181818181
 188 8.375000000000009 1.541666666666667
 190 8.430000000000009 3.554999999999998
 191 8.32500000000001 8.100000000000009
 202 7.800000000000008 8.100000000000009
 205 7.800000000000008 9.600000000000012
 210 9.300000000000011 8.400000000000009
 215 9.300000000000011 8.400000000000009
 220 7.933333333333341 8.916666666666679
 235 9.300000000000011 8.400000000000009
 236 8.175000000000008 9.225000000000012
# name: Estimatedcoordinates2
# type: matrix
# rows: 45
# columns: 3
 52 3.367499999999999 1.095
 58 3.224999999999999 1.725
 67 3.899999999999999 1.1
 69 3.425999999999999 1.116
 72 3.367499999999999 1.095
 74 3.224999999999999 1.725
 77 4.099999999999999 1.4
 94 2.599999999999999 8.250000000000009
 102 2.25 7.800000000000008
 105 2.699999999999999 8.30000000000001
 110 2.324999999999999 7.425000000000007
 114 1.275 7.575000000000007
 116 3.834782608695651 9.215217391304359
 117 2.624999999999999 8.287500000000009
 119 1.8 7.950000000000008
 123 2.324999999999999 7.425000000000007
 127 1.6875 8.137500000000008
 133 3.73235294117647 9.247058823529423
 136 1.6875 8.137500000000008
 142 6.369000000000004 2.463
 146 7.575000000000006 3.449999999999999
 149 7.500000000000007 3.524999999999999
 150 7.750000000000007 1.55
 154 8.55000000000001 3.299999999999999
 155 6.369000000000004 2.463
 156 8.55000000000001 3.299999999999999
 162 6.800000000000005 2.812499999999999
 164 7.050000000000007 3.349999999999999
 166 8.657142857142867 4.896428571428573
 169 8.36250000000001 3.562499999999998
 170 8.97500000000001 2.2
 174 7.425000000000007 2.699999999999999
 176 6.806250000000005 2.90625
 179 6.787500000000005 2.962499999999999
 187 9.068181818181829 2.781818181818181
 188 8.375000000000009 1.541666666666667
 190 8.430000000000009 3.554999999999998
 191 8.32500000000001 8.100000000000009
 202 7.800000000000008 8.100000000000009
 205 7.800000000000008 9.600000000000012
 210 9.300000000000011 8.400000000000009
 215 9.300000000000011 8.400000000000009
 220 7.933333333333341 8.916666666666679
 235 9.300000000000011 8.400000000000009
 236 8.175000000000008 9.225000000000012
# name: Error_2
# type: scalar
0.6718526887417582
# name: Error_total
# type: scalar
0.6650966384597438
# name: size_EstimatedCoordinates_row
# type: scalar
45
