# Created by Octave 2.9.13, Tue Oct 30 01:17:10 2007 EDT <eagblanc@wha173>
# name: Estimatedcoordinates_tot
# type: matrix
# rows: 101
# columns: 3
 62 1.6125 3.449999999999999
 64 1.53 2.909999999999999
 70 2.475 4.481249999999999
 73 4.984615384615386 4.13076923076923
 77 5.235714285714288 2.592857142857142
 79 1.375 2.15
 93 1.375 2.15
 107 2.483333333333333 4.466666666666667
 138 3.599999999999999 6.212500000000006
 140 3.599999999999999 6.212500000000006
 142 0.675 6.750000000000005
 150 0.9409090909090913 7.050000000000008
 154 3.299999999999999 8.85000000000001
 160 3.241666666666666 9.49166666666668
 164 5.450000000000002 3.349999999999998
 165 8.925000000000011 1.575
 167 8.85000000000001 1.05
 170 5.992105263157899 3.276315789473683
 182 5.800000000000003 3.549999999999999
 186 5.671875000000003 3.609374999999999
 188 5.188636363636365 2.543181818181818
 192 5.483333333333336 3.666666666666665
 193 5.450000000000002 3.349999999999998
 195 8.925000000000011 1.575
 196 5.358333333333334 3.833333333333333
 199 8.85000000000001 1.05
 215 8.250000000000009 6.675000000000006
 218 9.450000000000012 7.500000000000005
 224 9.225000000000012 5.850000000000003
 226 9.225000000000012 5.850000000000003
 227 5.778571428571431 6.335714285714291
 233 5.838461538461541 6.363461538461542
 252 9.225000000000012 5.850000000000003
 61 4.8375 4.35
 67 1.65 3.749999999999999
 72 3.289285714285714 1.810714285714285
 80 4.235294117647059 2.417647058823529
 81 3.766666666666666 3.533333333333332
 82 4.246875 2.540624999999999
 85 4.244117647058824 2.435294117647058
 89 2.025 4.124999999999999
 95 2.512499999999999 4.124999999999999
 97 4.65 2.025
 98 1.153125 1.6125
 100 3.854999999999999 3.494999999999999
 101 4.139999999999999 1.74
 103 4.8375 4.35
 109 2.025 4.124999999999999
 111 2.318181818181817 7.131818181818189
 112 4.049999999999999 6.600000000000006
 114 3.502941176470588 8.841176470588245
 116 2.695588235294117 8.104411764705889
 117 1.95 6.750000000000006
 118 2.849999999999999 9.600000000000012
 119 1 7.100000000000006
 120 3.542307692307692 6.057692307692312
 121 2.523214285714285 7.258928571428577
 122 3.299999999999999 6.900000000000006
 124 5.014285714285715 6.792857142857149
 125 3.524999999999999 6.300000000000004
 127 3.94090909090909 6.013636363636368
 134 3.618749999999999 9.712500000000013
 135 3.299999999999998 7.650000000000007
 136 3.375 9.612500000000013
 139 3.299999999999999 9.900000000000013
 141 3.149999999999999 8.55000000000001
 143 3.214285714285713 5.892857142857146
 145 3.299999999999999 6.975000000000006
 147 3.013636363636363 5.413636363636366
 148 3.94090909090909 6.013636363636368
 151 4.800000000000001 6.600000000000006
 152 2.212499999999999 8.38500000000001
 153 4.800000000000001 6.150000000000004
 163 6.075000000000005 3.074999999999999
 175 6.29347826086957 4.271739130434783
 184 5.025000000000001 4.124999999999999
 187 5.475000000000003 2.1975
 194 6.225000000000004 2.894999999999999
 197 9.300000000000011 4.850000000000001
 201 5.850000000000003 4.950000000000001
 202 9.225000000000012 5.250000000000002
 203 5.475000000000003 2.1975
 206 6.500000000000004 3.199999999999999
 208 4.65 3.749999999999999
 209 6.000000000000004 3.149999999999999
 211 6.000000000000004 5.475000000000001
 214 8.625000000000009 6.412500000000005
 219 5.625000000000002 6.150000000000004
 220 6.350000000000004 7.912500000000009
 221 5.520000000000001 6.810000000000005
 222 9.575000000000012 6.300000000000004
 223 6.070000000000007 7.750000000000008
 229 8.645454545454555 6.463636363636368
 238 8.478947368421064 6.939473684210532
 239 8.55000000000001 7.087500000000006
 241 6.300000000000004 6.660000000000005
 249 7.283333333333339 6.916666666666672
 250 9.300000000000011 7.912500000000009
 251 6.117857142857146 6.857142857142861
 254 6.150000000000003 6.650000000000006
 255 6.150000000000004 7.650000000000007
# name: Estimatedcoordinates2
# type: matrix
# rows: 68
# columns: 3
 61 4.8375 4.35
 67 1.65 3.749999999999999
 72 3.289285714285714 1.810714285714285
 80 4.235294117647059 2.417647058823529
 81 3.766666666666666 3.533333333333332
 82 4.246875 2.540624999999999
 85 4.244117647058824 2.435294117647058
 89 2.025 4.124999999999999
 95 2.512499999999999 4.124999999999999
 97 4.65 2.025
 98 1.153125 1.6125
 100 3.854999999999999 3.494999999999999
 101 4.139999999999999 1.74
 103 4.8375 4.35
 109 2.025 4.124999999999999
 111 2.318181818181817 7.131818181818189
 112 4.049999999999999 6.600000000000006
 114 3.502941176470588 8.841176470588245
 116 2.695588235294117 8.104411764705889
 117 1.95 6.750000000000006
 118 2.849999999999999 9.600000000000012
 119 1 7.100000000000006
 120 3.542307692307692 6.057692307692312
 121 2.523214285714285 7.258928571428577
 122 3.299999999999999 6.900000000000006
 124 5.014285714285715 6.792857142857149
 125 3.524999999999999 6.300000000000004
 127 3.94090909090909 6.013636363636368
 134 3.618749999999999 9.712500000000013
 135 3.299999999999998 7.650000000000007
 136 3.375 9.612500000000013
 139 3.299999999999999 9.900000000000013
 141 3.149999999999999 8.55000000000001
 143 3.214285714285713 5.892857142857146
 145 3.299999999999999 6.975000000000006
 147 3.013636363636363 5.413636363636366
 148 3.94090909090909 6.013636363636368
 151 4.800000000000001 6.600000000000006
 152 2.212499999999999 8.38500000000001
 153 4.800000000000001 6.150000000000004
 163 6.075000000000005 3.074999999999999
 175 6.29347826086957 4.271739130434783
 184 5.025000000000001 4.124999999999999
 187 5.475000000000003 2.1975
 194 6.225000000000004 2.894999999999999
 197 9.300000000000011 4.850000000000001
 201 5.850000000000003 4.950000000000001
 202 9.225000000000012 5.250000000000002
 203 5.475000000000003 2.1975
 206 6.500000000000004 3.199999999999999
 208 4.65 3.749999999999999
 209 6.000000000000004 3.149999999999999
 211 6.000000000000004 5.475000000000001
 214 8.625000000000009 6.412500000000005
 219 5.625000000000002 6.150000000000004
 220 6.350000000000004 7.912500000000009
 221 5.520000000000001 6.810000000000005
 222 9.575000000000012 6.300000000000004
 223 6.070000000000007 7.750000000000008
 229 8.645454545454555 6.463636363636368
 238 8.478947368421064 6.939473684210532
 239 8.55000000000001 7.087500000000006
 241 6.300000000000004 6.660000000000005
 249 7.283333333333339 6.916666666666672
 250 9.300000000000011 7.912500000000009
 251 6.117857142857146 6.857142857142861
 254 6.150000000000003 6.650000000000006
 255 6.150000000000004 7.650000000000007
# name: Error_2
# type: scalar
0.6638116022676116
# name: Error_total
# type: scalar
0.6289515636163229
# name: size_EstimatedCoordinates_row
# type: scalar
68
