# Created by Octave 2.9.13, Tue Oct 30 16:07:51 2007 EDT <eagblanc@wha437>
# name: Estimatedcoordinates
# type: matrix
# rows: 92
# columns: 3
 81 3.131249999999999 1.246875
 84 1.971428571428572 2.357142857142857
 86 2.25 1.442307692307692
 87 2.737499999999999 2.25
 88 1.325 1.5
 95 1.92 2.369999999999999
 96 1.275 4.540384615384616
 97 1.5234375 4.575
 99 1.32 2.999999999999999
 103 2.507142857142856 2.239285714285714
 105 1.75 3.949999999999999
 108 1.17 4.56
 112 0.45 1.2
 113 2.25 1.442307692307692
 116 0.5 5.650000000000003
 118 1.421052631578947 4.713157894736843
 119 1.363636363636364 4.35
 122 1.65 1.8
 124 1.425 1.35
 126 1.05 2.924999999999999
 127 1.8 2.624999999999999
 131 5.400000000000002 9.225000000000012
 132 4.800000000000001 8.85000000000001
 135 0.5 5.650000000000003
 136 1.32 6.760000000000006
 140 4.35 8.55000000000001
 143 0.9750000000000001 6.375000000000004
 144 4.823076923076924 8.60769230769232
 145 0.9750000000000001 6.375000000000004
 146 4.568181818181819 8.590909090909101
 148 2.449999999999998 9.07500000000001
 150 5.850000000000004 7.000000000000006
 153 4.649999999999999 5.497058823529414
 156 1.4 6.243333333333339
 157 0.61875 5.700000000000002
 158 5.027272727272728 6.313636363636369
 159 4.800000000000001 8.85000000000001
 160 1.275 6.450000000000005
 163 1.603125 8.19375000000001
 165 0.84375 7.312500000000006
 166 0.8884615384615387 7.800000000000007
 168 0.9750000000000001 6.375000000000004
 169 3.449999999999999 8.225000000000009
 170 2.449999999999998 9.07500000000001
 171 1.05 6.225000000000004
 173 1.603125 8.19375000000001
 174 0.825 6.150000000000004
 176 4.199999999999999 9.000000000000011
 179 4.524999999999999 8.97500000000001
 181 8.60000000000001 3.25
 182 8.250000000000009 2.999999999999999
 184 9.000000000000011 4.575
 186 8.357142857142867 3.407142857142856
 188 9.058695652173922 5.207608695652175
 189 8.58387096774195 2.298387096774193
 190 7.575000000000007 0.9750000000000001
 192 5.913461538461541 3.542307692307692
 193 4.950000000000001 4.199999999999999
 195 6.545000000000003 3.659999999999999
 196 7.200000000000006 2.849999999999999
 197 8.400000000000007 0.75
 203 8.634375000000009 0.5625
 208 9.000000000000011 0.675
 209 8.22500000000001 3.174999999999999
 210 6.437500000000004 3.649999999999999
 212 7.850000000000009 4.099999999999999
 213 9.000000000000011 0.675
 215 7.933333333333342 4.399999999999999
 219 8.791666666666675 4.775000000000001
 223 8.175000000000008 0.45
 224 8.950000000000012 3.324999999999999
 225 5.918750000000003 3.506249999999999
 226 8.244827586206904 2.312068965517241
 227 8.58387096774195 2.298387096774193
 228 4.950000000000001 4.199999999999999
 229 5.089285714285715 3.267857142857142
 235 7.090677966101706 8.669491525423739
 240 7.090677966101706 8.669491525423739
 242 5.300000000000002 6.750000000000004
 243 6.321428571428576 9.278571428571439
 250 7.570000000000007 6.190000000000003
 253 6.150000000000004 8.55000000000001
 256 8.250000000000009 5.100000000000001
 257 5.250000000000002 8.100000000000009
 258 5.700000000000003 9.150000000000011
 259 6.825000000000006 6.975000000000006
 265 6.514285714285719 9.128571428571439
 267 9.33214285714287 5.389285714285718
 270 6.615000000000006 7.720000000000005
 271 6.450000000000006 8.250000000000009
 273 5.700000000000003 7.500000000000007
 278 5.700000000000003 7.575000000000006
# name: Error_total
# type: scalar
0.5188111715581982
# name: size_EstimatedCoordinates_row
# type: scalar
92
