# Created by Octave 2.9.13, Tue Oct 30 01:14:08 2007 EDT <eagblanc@wha133>
# name: Estimatedcoordinates
# type: matrix
# rows: 33
# columns: 3
 62 1.6125 3.449999999999999
 64 1.53 2.909999999999999
 70 2.475 4.481249999999999
 73 4.984615384615386 4.13076923076923
 77 5.235714285714288 2.592857142857142
 79 1.375 2.15
 93 1.375 2.15
 107 2.483333333333333 4.466666666666667
 138 3.599999999999999 6.212500000000006
 140 3.599999999999999 6.212500000000006
 142 0.675 6.750000000000005
 150 0.9409090909090913 7.050000000000008
 154 3.299999999999999 8.85000000000001
 160 3.241666666666666 9.49166666666668
 164 5.450000000000002 3.349999999999998
 165 8.925000000000011 1.575
 167 8.85000000000001 1.05
 170 5.992105263157899 3.276315789473683
 182 5.800000000000003 3.549999999999999
 186 5.671875000000003 3.609374999999999
 188 5.188636363636365 2.543181818181818
 192 5.483333333333336 3.666666666666665
 193 5.450000000000002 3.349999999999998
 195 8.925000000000011 1.575
 196 5.358333333333334 3.833333333333333
 199 8.85000000000001 1.05
 215 8.250000000000009 6.675000000000006
 218 9.450000000000012 7.500000000000005
 224 9.225000000000012 5.850000000000003
 226 9.225000000000012 5.850000000000003
 227 5.778571428571431 6.335714285714291
 233 5.838461538461541 6.363461538461542
 252 9.225000000000012 5.850000000000003
# name: Error_total
# type: scalar
0.550197475902992
# name: size_EstimatedCoordinates_row
# type: scalar
33
