# Created by Octave 2.9.13, Tue Oct 30 00:39:33 2007 EDT <eagblanc@wha163>
# name: Estimatedcoordinates_tot
# type: matrix
# rows: 131
# columns: 3
 63 0.2 1.775
 71 4.069565217391304 3.916304347826086
 72 1.218292682926829 0.9914634146341463
 74 0.2 1.775
 77 3.961363636363636 3.340909090909089
 79 5.587500000000002 1.875
 81 5.07857142857143 3.074999999999999
 91 0.2 1.775
 94 0.675 0.975
 103 4.069565217391304 3.916304347826086
 104 0.8833333333333333 4.616666666666666
 105 1.105555555555556 0.925
 106 0.2 1.775
 124 1.59375 7.040625000000006
 125 0.4 8.041666666666677
 128 1.35 7.500000000000007
 135 1.2 8.157142857142865
 137 0.403125 8.109375000000009
 142 2.205882352941176 5.691176470588238
 147 1.078378378378378 6.198648648648654
 148 0.403125 8.109375000000009
 153 2.025 6.225000000000004
 167 7.54285714285715 3.39642857142857
 173 6.521052631578951 1.373684210526316
 176 6.975000000000006 1.725
 179 6.850000000000006 1.325
 181 6.900000000000006 2.025
 182 7.997368421052643 1.084210526315789
 188 6.450000000000006 0.75
 190 9.171428571428583 1.157142857142857
 193 6.830769230769236 3.392307692307691
 194 6.175609756097566 2.078048780487805
 195 6.825000000000006 1.725
 197 5.26607142857143 3.032142857142856
 204 6.481578947368426 1.184210526315789
 206 7.54285714285715 3.39642857142857
 208 7.54285714285715 3.39642857142857
 211 9.450000000000012 5.400000000000002
 223 8.858333333333341 6.87083333333334
 224 8.41304347826088 8.680434782608705
 225 8.884615384615394 7.696153846153853
 227 7.996153846153856 6.911538461538468
 228 8.072727272727281 6.968181818181825
 231 8.41304347826088 8.680434782608705
 235 8.657142857142867 6.364285714285718
 236 5.581578947368421 6.931578947368426
 240 5.581578947368421 6.931578947368426
 244 9.300000000000011 5.700000000000003
 247 9.300000000000011 5.850000000000004
 250 5.170588235294119 5.170588235294118
 253 9.000000000000011 6.450000000000006
 255 8.41304347826088 8.680434782608705
 258 9.300000000000011 5.925000000000004
 260 8.287500000000009 8.250000000000009
 62 0.7437500000000002 5.068750000000001
 64 4.65 3.149999999999999
 65 4.875000000000001 3.074999999999999
 68 1.2 1.125
 70 1.85 1.85
 75 3.707142857142856 3.47142857142857
 76 3.849999999999999 2.749999999999999
 83 0.7437500000000002 5.068750000000001
 84 3.507692307692306 2.834615384615384
 85 3.919999999999999 2.769999999999999
 86 2.161764705882352 1.597058823529412
 90 4.14642857142857 2.528571428571428
 93 1.575 1.8
 97 2.087499999999999 1.6
 99 0.9750000000000001 5.925000000000004
 100 3.434999999999999 4.545
 102 3.707142857142856 3.47142857142857
 107 4.14642857142857 2.528571428571428
 108 5.16521739130435 1.411956521739131
 110 3.707142857142856 3.47142857142857
 111 5.025000000000001 7.500000000000007
 113 0.7333333333333334 6.750000000000004
 117 4.049999999999999 3.749999999999999
 120 2.1 6.300000000000004
 122 4.21875 5.306250000000001
 123 5.050000000000001 6.800000000000005
 126 1.51875 7.968750000000008
 127 4.950000000000001 5.760000000000003
 129 0.8571428571428573 5.442857142857145
 131 4.699999999999999 6.56363636363637
 140 5.050000000000001 6.800000000000005
 144 4.615384615384614 7.823076923076931
 146 1.007142857142857 8.871428571428584
 149 5.100000000000001 5.935714285714289
 150 0.375 4.800000000000001
 151 5.100000000000001 5.935714285714289
 152 5.025000000000001 7.500000000000007
 157 1.007142857142857 8.871428571428584
 161 8.621739130434793 1.36304347826087
 162 6.750000000000005 1.05
 165 9.000000000000011 0.75
 166 7.050000000000006 3.149999999999999
 169 8.250000000000009 1.8
 170 8.280000000000008 1.665
 172 8.325000000000008 2.174999999999999
 174 7.800000000000008 1.65
 184 7.350000000000007 1.5
 185 5.435294117647061 0.9176470588235295
 186 8.250000000000009 0.9
 187 6.750000000000005 0.45
 192 5.850000000000003 3.299999999999999
 198 7.950000000000008 2.437499999999999
 201 5.400000000000002 3.224999999999999
 202 5.025000000000001 3.074999999999999
 207 5.040000000000001 4.38
 210 6.780000000000006 3.209999999999999
 213 7.800000000000008 7.650000000000007
 214 5.400000000000001 6.487500000000005
 216 5.700000000000003 6.375000000000004
 218 8.437500000000009 8.943750000000012
 220 7.950000000000008 7.500000000000007
 226 8.250000000000009 8.55000000000001
 230 8.150000000000007 7.750000000000008
 232 5.736000000000003 6.684000000000005
 233 8.100000000000009 7.425000000000007
 234 9.300000000000011 7.500000000000007
 237 7.650000000000007 7.200000000000006
 238 7.350000000000007 7.650000000000007
 239 6.660000000000005 6.090000000000005
 241 7.200000000000007 7.140000000000006
 242 5.775000000000003 7.275000000000007
 245 8.150000000000007 7.900000000000008
 251 7.800000000000008 6.600000000000005
 254 9.300000000000011 7.650000000000007
 256 5.250000000000002 6.900000000000006
 257 8.231250000000008 6.243750000000005
 259 9.300000000000011 7.650000000000007
# name: Estimatedcoordinates2
# type: matrix
# rows: 77
# columns: 3
 62 0.7437500000000002 5.068750000000001
 64 4.65 3.149999999999999
 65 4.875000000000001 3.074999999999999
 68 1.2 1.125
 70 1.85 1.85
 75 3.707142857142856 3.47142857142857
 76 3.849999999999999 2.749999999999999
 83 0.7437500000000002 5.068750000000001
 84 3.507692307692306 2.834615384615384
 85 3.919999999999999 2.769999999999999
 86 2.161764705882352 1.597058823529412
 90 4.14642857142857 2.528571428571428
 93 1.575 1.8
 97 2.087499999999999 1.6
 99 0.9750000000000001 5.925000000000004
 100 3.434999999999999 4.545
 102 3.707142857142856 3.47142857142857
 107 4.14642857142857 2.528571428571428
 108 5.16521739130435 1.411956521739131
 110 3.707142857142856 3.47142857142857
 111 5.025000000000001 7.500000000000007
 113 0.7333333333333334 6.750000000000004
 117 4.049999999999999 3.749999999999999
 120 2.1 6.300000000000004
 122 4.21875 5.306250000000001
 123 5.050000000000001 6.800000000000005
 126 1.51875 7.968750000000008
 127 4.950000000000001 5.760000000000003
 129 0.8571428571428573 5.442857142857145
 131 4.699999999999999 6.56363636363637
 140 5.050000000000001 6.800000000000005
 144 4.615384615384614 7.823076923076931
 146 1.007142857142857 8.871428571428584
 149 5.100000000000001 5.935714285714289
 150 0.375 4.800000000000001
 151 5.100000000000001 5.935714285714289
 152 5.025000000000001 7.500000000000007
 157 1.007142857142857 8.871428571428584
 161 8.621739130434793 1.36304347826087
 162 6.750000000000005 1.05
 165 9.000000000000011 0.75
 166 7.050000000000006 3.149999999999999
 169 8.250000000000009 1.8
 170 8.280000000000008 1.665
 172 8.325000000000008 2.174999999999999
 174 7.800000000000008 1.65
 184 7.350000000000007 1.5
 185 5.435294117647061 0.9176470588235295
 186 8.250000000000009 0.9
 187 6.750000000000005 0.45
 192 5.850000000000003 3.299999999999999
 198 7.950000000000008 2.437499999999999
 201 5.400000000000002 3.224999999999999
 202 5.025000000000001 3.074999999999999
 207 5.040000000000001 4.38
 210 6.780000000000006 3.209999999999999
 213 7.800000000000008 7.650000000000007
 214 5.400000000000001 6.487500000000005
 216 5.700000000000003 6.375000000000004
 218 8.437500000000009 8.943750000000012
 220 7.950000000000008 7.500000000000007
 226 8.250000000000009 8.55000000000001
 230 8.150000000000007 7.750000000000008
 232 5.736000000000003 6.684000000000005
 233 8.100000000000009 7.425000000000007
 234 9.300000000000011 7.500000000000007
 237 7.650000000000007 7.200000000000006
 238 7.350000000000007 7.650000000000007
 239 6.660000000000005 6.090000000000005
 241 7.200000000000007 7.140000000000006
 242 5.775000000000003 7.275000000000007
 245 8.150000000000007 7.900000000000008
 251 7.800000000000008 6.600000000000005
 254 9.300000000000011 7.650000000000007
 256 5.250000000000002 6.900000000000006
 257 8.231250000000008 6.243750000000005
 259 9.300000000000011 7.650000000000007
# name: Error_2
# type: scalar
0.5955377610047974
# name: Error_total
# type: scalar
0.5806752808023685
# name: size_EstimatedCoordinates_row
# type: scalar
77
