# Created by Octave 2.9.13, Mon Oct 29 20:33:40 2007 EDT <eagblanc@wha760>
# name: Estimatedcoordinates
# type: matrix
# rows: 26
# columns: 3
 42 3.344999999999999 1.41
 49 4.341666666666667 1.975
 92 2.1 9.375000000000011
 93 2.1 9.375000000000011
 97 2.279999999999999 8.87000000000001
 103 2.759999999999999 9.375000000000011
 115 2.296153846153846 8.919230769230779
 118 2.824999999999999 9.325000000000012
 122 2.374999999999999 8.775000000000011
 129 2.1 9.375000000000011
 137 2.216666666666666 8.900000000000011
 140 2.574999999999999 8.587500000000011
 141 8.083333333333343 2.399999999999999
 157 8.85000000000001 2.25
 165 8.335714285714296 3.364285714285713
 168 7.151162790697684 3.216279069767441
 171 7.766666666666674 3.816666666666666
 177 8.244000000000009 2.417999999999999
 178 8.85000000000001 2.25
 183 7.200000000000007 2.849999999999999
 194 7.963636363636375 8.872727272727282
 212 7.963636363636375 8.872727272727282
 217 9.054545454545465 8.290909090909102
 218 7.96406250000001 8.89687500000001
 224 7.96406250000001 8.89687500000001
 233 7.950000000000008 8.100000000000009
# name: Error_total
# type: scalar
0.6532383721239308
# name: size_EstimatedCoordinates_row
# type: scalar
26
