# Created by Octave 2.9.13, Mon Oct 29 18:30:07 2007 EDT <eagblanc@wha609>
# name: Estimatedcoordinates
# type: matrix
# rows: 34
# columns: 3
 45 3.899999999999999 4.890000000000001
 48 3.399999999999999 3.949999999999999
 49 3.321428571428569 4.285714285714285
 50 3.686250000000002 4.138125
 51 5.295000000000003 2.999999999999999
 54 4.5 4.049999999999999
 55 5.100000000000001 3.95
 58 3.825 4.317857142857141
 60 1.8 3.724999999999998
 65 3.757499999999999 3.847499999999999
 66 1.532926829268292 3.435365853658536
 68 2.549999999999999 3.749999999999999
 69 4.800000000000001 4.5
 71 3.283333333333332 4.133333333333333
 73 5.375000000000001 3.274999999999999
 74 3.573214285714285 3.632142857142857
 76 1.532926829268292 3.435365853658536
 80 2.203448275862068 4.287931034482758
 83 5.250000000000002 3.299999999999998
 86 4.568750000000001 4.693750000000001
 87 1.532926829268292 3.435365853658536
 89 3.267857142857142 4.017857142857142
 105 0.75 8.70000000000001
 116 4.677777777777776 6.89444444444445
 121 0.9750000000000001 8.925000000000011
 122 3.953571428571427 5.517857142857145
 129 4.701923076923077 6.536538461538466
 134 4.684285714285714 6.732857142857148
 160 5.273684210526317 3.378947368421051
 182 5.250000000000002 3.299999999999998
 186 5.775000000000003 2.174999999999999
 188 6.267857142857147 2.635714285714285
 191 8.100000000000007 7.515000000000007
 201 4.820689655172413 6.65172413793104
# name: Error_total
# type: scalar
0.4674902241132754
# name: size_EstimatedCoordinates_row
# type: scalar
34
