# Created by Octave 2.9.13, Fri Oct 12 20:47:59 2007 EDT <eagblanc@dol24>
# name: Estimatedcoordinates_tot
# type: matrix
# rows: 55
# columns: 3
 44 1.75 2.75
 47 5.25 2.75
 73 4.5 4
 110 5 4.833333333333333
 114 4.5 8.5
 133 5.5 8.5
 139 4 8.5
 141 6 2.5
 153 5 0.5
 170 6 2.5
 180 5.5 2
 182 6.25 3
 188 5.5 1.5
 204 8.5 9
 207 8.5 9
 215 5.5 8
 225 8.5 9
 232 8.25 9.25
 240 5 8.5
 60 5 2
 61 4.5 4
 64 1.75 2.75
 69 1.5 2.5
 72 2 3
 92 3.75 8
 94 5.5 8.5
 101 4 8.5
 103 5 8.5
 121 4.5 8.5
 122 4 8.5
 129 3.75 8
 142 6 2
 144 7 2.5
 147 5 4.5
 148 5.75 1.5
 150 6 1.5
 155 5.5 3.5
 156 5.5 2
 157 6 2
 161 6 1.5
 163 5.5 1
 165 5 3.5
 168 6.5 3
 171 6 2
 177 5 4.5
 178 5 4
 200 9 8.5
 202 6.5 9.166666666666666
 205 9 9
 219 8.5 9
 222 4.5 4
 223 8.25 9.25
 226 4 8.5
 229 5 8.5
 236 7.5 9.5
# name: Estimatedcoordinates2
# type: matrix
# rows: 36
# columns: 3
 60 5 2
 61 4.5 4
 64 1.75 2.75
 69 1.5 2.5
 72 2 3
 92 3.75 8
 94 5.5 8.5
 101 4 8.5
 103 5 8.5
 121 4.5 8.5
 122 4 8.5
 129 3.75 8
 142 6 2
 144 7 2.5
 147 5 4.5
 148 5.75 1.5
 150 6 1.5
 155 5.5 3.5
 156 5.5 2
 157 6 2
 161 6 1.5
 163 5.5 1
 165 5 3.5
 168 6.5 3
 171 6 2
 177 5 4.5
 178 5 4
 200 9 8.5
 202 6.5 9.166666666666666
 205 9 9
 219 8.5 9
 222 4.5 4
 223 8.25 9.25
 226 4 8.5
 229 5 8.5
 236 7.5 9.5
# name: Error_2
# type: scalar
0.9121944578133852
# name: Error_total
# type: scalar
0.8501386723728127
# name: size_EstimatedCoordinates_row
# type: scalar
36
