# Created by Octave 2.9.13, Fri Oct 12 22:04:31 2007 EDT <eagblanc@dol24>
# name: Estimatedcoordinates
# type: matrix
# rows: 9
# columns: 3
 111 4 8.5
 116 3.875 9.375
 120 3.5 8.75
 144 7.75 2.25
 187 8.25 3.75
 215 6.5 7.285714285714286
 217 6.75 7.75
 221 6 7.5
 233 8 6.75
# name: Error_total
# type: scalar
0.7848577500162881
# name: size_EstimatedCoordinates_row
# type: scalar
9
