# Created by Octave 2.9.13, Sat Oct 13 12:47:33 2007 EDT <eagblanc@dol26>
# name: Estimatedcoordinates_tot
# type: matrix
# rows: 32
# columns: 3
 67 2.3125 1.875
 77 3.25 3
 87 3.25 3
 91 2.5 9
 92 2 8.25
 100 2.75 8.5
 109 1.25 8.75
 112 2 9
 125 2 9
 127 1.5 9
 142 6 3.25
 43 3 2.5
 44 2.75 2.125
 46 2.75 2.75
 47 2.5 3
 52 1.75 3.5
 55 3 2.5
 69 2.5 2
 74 3.5 3.75
 75 3.25 3
 80 1.75 2.5
 84 3 2.5
 90 2.5 2.5
 93 2.5 9
 95 2 9
 96 1 9
 101 2.5 9
 134 1 9
 140 2 9
 172 5.25 3
 173 6 4
 188 6.5 3.75
# name: Estimatedcoordinates2
# type: matrix
# rows: 21
# columns: 3
 43 3 2.5
 44 2.75 2.125
 46 2.75 2.75
 47 2.5 3
 52 1.75 3.5
 55 3 2.5
 69 2.5 2
 74 3.5 3.75
 75 3.25 3
 80 1.75 2.5
 84 3 2.5
 90 2.5 2.5
 93 2.5 9
 95 2 9
 96 1 9
 101 2.5 9
 134 1 9
 140 2 9
 172 5.25 3
 173 6 4
 188 6.5 3.75
# name: Error_2
# type: scalar
0.7468233406558002
# name: Error_total
# type: scalar
0.7297758513907766
# name: size_EstimatedCoordinates_row
# type: scalar
21
