# Created by Octave 2.9.13, Sat Oct 13 15:55:49 2007 EDT <eagblanc@dol29>
# name: Estimatedcoordinates_tot
# type: matrix
# rows: 35
# columns: 3
 44 1.5 1.5
 47 2.166666666666667 1.333333333333333
 89 5 1
 94 3 7.5
 99 5 7.75
 106 4.416666666666667 8.333333333333334
 109 4.625 7.625
 213 5 7.75
 220 9.25 6.75
 46 4 0.5
 49 3.5 1
 50 3 1
 55 2 2
 68 2.25 1.5
 69 3 1
 71 2.166666666666667 0.6666666666666666
 73 4.5 1
 76 1.7 1
 81 2 1.75
 86 1.5 1.5
 95 4 7.666666666666667
 96 5 7.5
 97 3.5 7.5
 120 2.25 7.5
 124 3.416666666666667 7.25
 125 3.75 7.5
 127 2.5 8
 134 4.75 8
 135 3.75 7
 196 5 7.5
 200 9.5 6.5
 206 5.5 9
 217 8.5 7
 228 4.5 7.5
 231 4.916666666666667 9
# name: Estimatedcoordinates2
# type: matrix
# rows: 26
# columns: 3
 46 4 0.5
 49 3.5 1
 50 3 1
 55 2 2
 68 2.25 1.5
 69 3 1
 71 2.166666666666667 0.6666666666666666
 73 4.5 1
 76 1.7 1
 81 2 1.75
 86 1.5 1.5
 95 4 7.666666666666667
 96 5 7.5
 97 3.5 7.5
 120 2.25 7.5
 124 3.416666666666667 7.25
 125 3.75 7.5
 127 2.5 8
 134 4.75 8
 135 3.75 7
 196 5 7.5
 200 9.5 6.5
 206 5.5 9
 217 8.5 7
 228 4.5 7.5
 231 4.916666666666667 9
# name: Error_2
# type: scalar
0.645978450861132
# name: Error_total
# type: scalar
0.643426041051829
# name: size_EstimatedCoordinates_row
# type: scalar
26
