# Created by Octave 2.9.13, Sat Oct 13 15:47:17 2007 EDT <eagblanc@dol29>
# name: Estimatedcoordinates
# type: matrix
# rows: 9
# columns: 3
 44 1.5 1.5
 47 2.166666666666667 1.333333333333333
 89 5 1
 94 3 7.5
 99 5 7.75
 106 4.416666666666667 8.333333333333334
 109 4.625 7.625
 213 5 7.75
 220 9.25 6.75
# name: Error_total
# type: scalar
0.6359948748244232
# name: size_EstimatedCoordinates_row
# type: scalar
9
