# Created by Octave 2.9.13, Sat Oct 13 04:45:37 2007 EDT <eagblanc@dol27>
# name: Estimatedcoordinates_tot
# type: matrix
# rows: 12
# columns: 3
 43 4.75 0.75
 45 5.25 0.5
 82 4.5 1
 89 1.5 4
 143 4.5 1
 181 5.5 1
 64 5 1.5
 86 4 1
 158 5.5 0.5
 177 4.5 1
 178 5.5 1
 186 6.571428571428571 1.571428571428571
# name: Estimatedcoordinates2
# type: matrix
# rows: 6
# columns: 3
 64 5 1.5
 86 4 1
 158 5.5 0.5
 177 4.5 1
 178 5.5 1
 186 6.571428571428571 1.571428571428571
# name: Error_2
# type: scalar
0.9431565907993744
# name: Error_total
# type: scalar
0.8197259042135689
# name: size_EstimatedCoordinates_row
# type: scalar
6
