# Created by Octave 2.9.13, Fri Oct 12 22:15:44 2007 EDT <eagblanc@dol24>
# name: Estimatedcoordinates_tot
# type: matrix
# rows: 35
# columns: 3
 111 4 8.5
 116 3.875 9.375
 120 3.5 8.75
 144 7.75 2.25
 187 8.25 3.75
 215 6.5 7.285714285714286
 217 6.75 7.75
 221 6 7.5
 233 8 6.75
 100 3.375 9
 101 3 9
 102 4.75 8.75
 103 5 8
 110 5.5 7.5
 113 3 8.5
 130 5 8.5
 131 3.166666666666667 8.833333333333334
 134 3.5 9.5
 143 8.166666666666666 3.833333333333333
 146 8 3
 155 8 2.75
 164 7.5 2
 170 7.5 4
 192 6.25 7
 199 6.5 7.5
 202 7 7
 206 5 8.5
 207 7.5 7
 208 7 7
 212 7 7.5
 225 7.75 7
 226 7.25 7.5
 227 7 7.25
 230 7.75 8.25
 236 8.333333333333334 4.833333333333333
# name: Estimatedcoordinates2
# type: matrix
# rows: 26
# columns: 3
 100 3.375 9
 101 3 9
 102 4.75 8.75
 103 5 8
 110 5.5 7.5
 113 3 8.5
 130 5 8.5
 131 3.166666666666667 8.833333333333334
 134 3.5 9.5
 143 8.166666666666666 3.833333333333333
 146 8 3
 155 8 2.75
 164 7.5 2
 170 7.5 4
 192 6.25 7
 199 6.5 7.5
 202 7 7
 206 5 8.5
 207 7.5 7
 208 7 7
 212 7 7.5
 225 7.75 7
 226 7.25 7.5
 227 7 7.25
 230 7.75 8.25
 236 8.333333333333334 4.833333333333333
# name: Error_2
# type: scalar
0.7742317878470225
# name: Error_total
# type: scalar
0.7769780578622426
# name: size_EstimatedCoordinates_row
# type: scalar
26
