# Created by Octave 2.9.13, Fri Oct 12 20:00:06 2007 EDT <eagblanc@dol24>
# name: Estimatedcoordinates
# type: matrix
# rows: 19
# columns: 3
 44 1.75 2.75
 47 5.25 2.75
 73 4.5 4
 110 5 4.833333333333333
 114 4.5 8.5
 133 5.5 8.5
 139 4 8.5
 141 6 2.5
 153 5 0.5
 170 6 2.5
 180 5.5 2
 182 6.25 3
 188 5.5 1.5
 204 8.5 9
 207 8.5 9
 215 5.5 8
 225 8.5 9
 232 8.25 9.25
 240 5 8.5
# name: Error_total
# type: scalar
0.7179984124507102
# name: size_EstimatedCoordinates_row
# type: scalar
19
