# Created by Octave 2.9.13, Sat Oct 13 17:09:32 2007 EDT <eagblanc@dol29>
# name: Estimatedcoordinates_tot
# type: matrix
# rows: 22
# columns: 3
 63 2.5 1
 135 3.25 9.5
 199 6.5 7.9
 208 6 5.5
 214 6 6.5
 217 6.25 5.75
 231 6.25 5.75
 235 7.5 5.857142857142857
 74 1 0.5
 124 2.5 9
 142 7 5.5
 152 6 5.5
 194 6.5 5.5
 197 6 6.5
 215 5.25 6.75
 216 6.5 6.5
 218 6.75 7.25
 219 5.5 6.5
 220 6 6
 228 6 6
 229 7 6
 238 6 6.5
# name: Estimatedcoordinates2
# type: matrix
# rows: 14
# columns: 3
 74 1 0.5
 124 2.5 9
 142 7 5.5
 152 6 5.5
 194 6.5 5.5
 197 6 6.5
 215 5.25 6.75
 216 6.5 6.5
 218 6.75 7.25
 219 5.5 6.5
 220 6 6
 228 6 6
 229 7 6
 238 6 6.5
# name: Error_2
# type: scalar
0.8105464588062875
# name: Error_total
# type: scalar
0.745180702725359
# name: size_EstimatedCoordinates_row
# type: scalar
14
