# Created by Octave 2.9.13, Wed Oct 03 03:59:20 2007 EDT <eagblanc@dol24>
# name: Error_total
# type: scalar
2.104688356053455
# name: size_EstimatedCoordinates_row
# type: scalar
75
