# Created by Octave 2.9.13, Wed Oct 03 02:47:22 2007 EDT <eagblanc@dol24>
# name: Error_total
# type: scalar
2.290401886581534
# name: size_EstimatedCoordinates_row
# type: scalar
75
