# Created by Octave 2.9.13, Wed Oct 03 04:26:01 2007 EDT <eagblanc@dol24>
# name: Error_total
# type: scalar
1.820202867879475
# name: size_EstimatedCoordinates_row
# type: scalar
86
