# Created by Octave 2.9.13, Wed Oct 03 02:29:08 2007 EDT <eagblanc@dol24>
# name: Error_total
# type: scalar
1.793712508500971
# name: size_EstimatedCoordinates_row
# type: scalar
81
