# Created by Octave 2.9.13, Wed Oct 03 03:42:43 2007 EDT <eagblanc@dol24>
# name: Error_total
# type: scalar
1.889455726689688
# name: size_EstimatedCoordinates_row
# type: scalar
67
