# Created by Octave 2.9.13, Wed Oct 03 01:43:53 2007 EDT <eagblanc@dol17>
# name: Error_total
# type: scalar
1.916787283597797
# name: size_EstimatedCoordinates_row
# type: scalar
81
