# Created by Octave 2.9.13, Wed Oct 03 02:00:26 2007 EDT <eagblanc@dol17>
# name: Error_total
# type: scalar
2.082760401575537
# name: size_EstimatedCoordinates_row
# type: scalar
89
