# Created by Octave 2.9.13, Wed Oct 03 03:30:33 2007 EDT <eagblanc@dol24>
# name: Error_total
# type: scalar
2.223087314584947
# name: size_EstimatedCoordinates_row
# type: scalar
73
