# Created by Octave 2.9.13, Wed Oct 03 01:30:58 2007 EDT <eagblanc@dol17>
# name: Error_total
# type: scalar
1.937131389754337
# name: size_EstimatedCoordinates_row
# type: scalar
85
