# Created by Octave 2.9.13, Wed Oct 03 04:11:54 2007 EDT <eagblanc@dol24>
# name: Error_total
# type: scalar
2.128005597964609
# name: size_EstimatedCoordinates_row
# type: scalar
81
