TargetNode
i=3

Las tablas siguen creciendo!!!

MatrixRSSTargetNode =

    2.0000    1.0000  -48.6047
    2.0000    4.0000  -48.4623
    2.0000    7.0000  -50.5921
    2.0000    1.0000  -48.6047
    2.0000    4.0000  -48.4623
    2.0000   20.0000  -49.9708
    2.0000    1.0000  -48.6047
    2.0000    7.0000  -50.5921
    2.0000   20.0000  -49.9708
    2.0000    4.0000  -48.4623
    2.0000    7.0000  -50.5921
    2.0000   20.0000  -49.9708
    3.0000    1.0000  -38.8021
    3.0000    4.0000  -51.0423
    3.0000    7.0000  -47.6828