# Created by Octave 2.9.13, Sun Oct 21 18:41:45 2007 EDT <eagblanc@wha197>
# name: Estimatedcoordinates
# type: matrix
# rows: 55
# columns: 3
 68 1.5 2.5
 70 2.5 2
 72 1.75 2.25
 73 1.75 1.75
 77 4.75 2.5
 81 4.75 2.5
 89 4.9 3.1
 92 2.75 2.75
 95 2 2.75
 97 3 2.5
 100 2.5 2.5
 101 1.5 2.5
 104 2.5 2.25
 112 5.5 7.5
 114 1.25 6.75
 120 3 8
 121 1.3 6.4
 122 4.5 7
 126 1.75 6.5
 128 5 6.5
 133 1.25 7
 134 1.833333333333333 6.666666666666667
 137 4.5 7.75
 138 4.625 8
 139 4 9
 147 4 8.5
 151 4.75 8
 154 2.75 7.25
 156 1.666666666666667 5.833333333333333
 157 3.25 8.5
 162 6 2.5
 166 7.5 3.5
 167 7.5 2.5
 169 7 3.5
 175 5.5 1.5
 186 6.625 3.75
 194 6 2.5
 196 7 3.5
 198 6.5 3
 204 7 3.5
 206 6.75 3.25
 207 7.5 3.5
 209 5.5 2
 210 4.9 3.1
 213 4.75 6.75
 223 5 6
 234 7.5 7
 235 7 7.333333333333333
 236 6.75 7.5
 238 5.5 8
 245 6.75 7
 250 7 6.5
 252 5.5 7
 255 5.5 7.5
 258 6.625 5.75
# name: Error_1
# type: scalar
0.736879864719841
# name: size_EstimatedCoordinates_row
# type: scalar
55
