# Created by Octave 2.9.13, Wed Oct 10 10:58:29 2007 EDT <eagblanc@dol26>
# name: Estimatedcoordinates_tot
# type: matrix
# rows: 121
# columns: 3
 71 1.5 2
 78 3.5 0.5
 80 1.25 4.25
 87 3.75 1.25
 92 4.25 1
 98 5 1.5
 99 1.5 2.333333333333333
 102 1.75 2.5
 103 3 1
 113 1 6
 115 1.5 7.5
 121 1.75 8
 123 1.5 8
 124 3.65 7.5
 126 1.75 7.25
 129 4.75 5.25
 130 4.5 8.5
 135 4.75 9
 136 5.5 5.5
 141 5.5 9
 145 1 8.75
 149 4.25 6
 152 1.5 7.5
 167 5.25 2
 172 5.5 1.5
 181 9.5 4.25
 188 5.166666666666667 2.666666666666667
 191 9 3
 192 5 5.5
 194 6 1
 195 6 1.5
 201 6.5 1.5
 202 5.25 2.5
 205 9.5 1.5
 207 6.75 1.25
 223 8.1 8.800000000000001
 224 6.25 6.25
 232 5.5 6
 240 8.333333333333334 8.666666666666666
 241 5 5
 243 8 8.5
 245 6 6
 248 4.75 5.25
 249 5 6.25
 63 1.5 2.5
 65 1 2.5
 66 1 2
 68 4.75 1.75
 72 2 2
 73 1.5 2
 74 3 1
 75 1.5 3
 81 1.5 3.5
 82 4 4.75
 83 1 2
 89 3.5 1.5
 90 2 2.5
 95 5.5 3.75
 97 1.5 2.5
 100 1 3
 106 2.5 2
 107 4 1.5
 110 4 1.5
 111 2 8.5
 112 1 7.75
 114 4.5 7.5
 117 1.666666666666667 8.333333333333334
 118 3 8.25
 122 1 5.5
 125 1.5 7
 128 2 7
 132 2.25 6
 133 1 6
 134 4.5 8.5
 138 3.333333333333333 9.166666666666666
 142 2 7.5
 144 4.5 8
 147 1 8.5
 148 0.5 5
 150 1.5 8.5
 151 1.5 7.5
 153 2.5 8
 154 2 8
 155 2 7
 156 2 7.5
 157 1.166666666666667 8
 158 1.5 8
 160 1.5 8
 161 6.5 1.5
 162 9.5 2.5
 166 8.5 1.5
 168 5.375 3.75
 170 6 4.75
 171 8.166666666666666 1.666666666666667
 173 6.5 2
 175 9.5 4
 179 6.5 3
 180 6 2
 182 7.928571428571429 2.285714285714286
 183 6.5 2.5
 185 5.25 2
 189 5.5 3.75
 190 6 1.5
 198 5.666666666666667 5
 199 9 3.5
 203 8.166666666666666 1.666666666666667
 204 9 2.5
 206 6.5 3
 209 7.5 1
 210 8.125 1.875
 211 7.5 7.5
 229 5.25 7.25
 231 7.5 9
 234 7.25 7.25
 238 6.5 6.5
 251 7 7.166666666666667
 253 8.5 9
 255 7.333333333333333 6.833333333333333
 256 8 9
 258 6.5 6.5
 260 8 8
# name: Estimatedcoordinates2
# type: matrix
# rows: 77
# columns: 3
 63 1.5 2.5
 65 1 2.5
 66 1 2
 68 4.75 1.75
 72 2 2
 73 1.5 2
 74 3 1
 75 1.5 3
 81 1.5 3.5
 82 4 4.75
 83 1 2
 89 3.5 1.5
 90 2 2.5
 95 5.5 3.75
 97 1.5 2.5
 100 1 3
 106 2.5 2
 107 4 1.5
 110 4 1.5
 111 2 8.5
 112 1 7.75
 114 4.5 7.5
 117 1.666666666666667 8.333333333333334
 118 3 8.25
 122 1 5.5
 125 1.5 7
 128 2 7
 132 2.25 6
 133 1 6
 134 4.5 8.5
 138 3.333333333333333 9.166666666666666
 142 2 7.5
 144 4.5 8
 147 1 8.5
 148 0.5 5
 150 1.5 8.5
 151 1.5 7.5
 153 2.5 8
 154 2 8
 155 2 7
 156 2 7.5
 157 1.166666666666667 8
 158 1.5 8
 160 1.5 8
 161 6.5 1.5
 162 9.5 2.5
 166 8.5 1.5
 168 5.375 3.75
 170 6 4.75
 171 8.166666666666666 1.666666666666667
 173 6.5 2
 175 9.5 4
 179 6.5 3
 180 6 2
 182 7.928571428571429 2.285714285714286
 183 6.5 2.5
 185 5.25 2
 189 5.5 3.75
 190 6 1.5
 198 5.666666666666667 5
 199 9 3.5
 203 8.166666666666666 1.666666666666667
 204 9 2.5
 206 6.5 3
 209 7.5 1
 210 8.125 1.875
 211 7.5 7.5
 229 5.25 7.25
 231 7.5 9
 234 7.25 7.25
 238 6.5 6.5
 251 7 7.166666666666667
 253 8.5 9
 255 7.333333333333333 6.833333333333333
 256 8 9
 258 6.5 6.5
 260 8 8
# name: Error_2
# type: scalar
0.7909648883591835
# name: Error_total
# type: scalar
0.7369897972788652
# name: size_EstimatedCoordinates_row
# type: scalar
77
