# Created by Octave 2.9.13, Wed Oct 10 10:28:09 2007 EDT <eagblanc@wha492>
# name: Estimatedcoordinates_tot
# type: matrix
# rows: 111
# columns: 3
 64 4.5 2
 69 1.5 3.75
 76 3 4
 84 1.75 3.25
 92 2.5 3.5
 97 2.5 4.5
 100 4.5 1.5
 103 1.6 3.9
 105 2 4
 106 2.25 4.25
 126 2 7.166666666666667
 131 1.75 7
 154 1.75 7
 155 2.5 7
 156 2.75 7
 160 1.75 5.25
 165 5 2.5
 166 7.5 5
 167 8 4.25
 169 6 3.666666666666667
 171 6.25 3.25
 173 6.5 3
 174 7.5 4
 179 4.5 2
 182 4.75 2.25
 183 6 3.5
 189 5.75 2
 191 7 4.25
 193 6 2.125
 194 7 4
 197 6.5 4
 198 4.5 2
 200 6 3.5
 201 5.833333333333333 3.666666666666667
 202 5 2.5
 207 5 2
 210 5.75 2
 213 7.5 9
 217 7 5.5
 218 6.5 5
 222 7 5.25
 228 6.875 4.75
 231 6.5 6
 233 6.75 9
 236 8 5.5
 238 7.5 6
 239 7.5 6
 240 8.25 5.25
 246 6.5 9.5
 247 5.75 9
 256 7 7.5
 260 8 5.5
 61 2.5 3.5
 62 1.5 3.5
 63 3.5 5
 66 3.5 3
 68 2.25 3
 70 2.25 3
 77 2.5 4
 79 4.5 2.5
 87 3.75 4.75
 89 5.5 4.25
 91 2.5 4
 93 3.5 5
 101 2 4
 107 1.5 3.5
 112 2 4.5
 113 2 7
 114 2.5 7
 121 2.75 4.25
 125 2 6.5
 127 1.333333333333333 6.5
 128 2 5
 129 2 5.5
 134 2.5 5
 135 3 7
 137 3.25 4.75
 141 1 7
 142 2 6.5
 146 2.5 5.25
 148 2 7
 151 2 7
 161 5.5 2
 162 5.5 2
 164 5 1
 170 6.5 1.5
 175 6.75 1.5
 176 8 5
 180 6.5 3
 181 6.5 2.5
 185 6.5 3.5
 187 7.5 3.5
 208 5.5 1.5
 209 6.5 1
 211 6.5 6
 212 7.333333333333333 8.666666666666666
 214 7 5
 216 6 8
 219 9 5.5
 221 7.5 9
 223 7 5.5
 224 6.5 9.5
 227 7.5 8
 230 8 6
 241 7 7.75
 242 7.5 7.5
 243 7 8.5
 248 7.5 6.75
 254 7.5 8
 255 6.5 9.5
 258 7 9.5
# name: Estimatedcoordinates2
# type: matrix
# rows: 59
# columns: 3
 61 2.5 3.5
 62 1.5 3.5
 63 3.5 5
 66 3.5 3
 68 2.25 3
 70 2.25 3
 77 2.5 4
 79 4.5 2.5
 87 3.75 4.75
 89 5.5 4.25
 91 2.5 4
 93 3.5 5
 101 2 4
 107 1.5 3.5
 112 2 4.5
 113 2 7
 114 2.5 7
 121 2.75 4.25
 125 2 6.5
 127 1.333333333333333 6.5
 128 2 5
 129 2 5.5
 134 2.5 5
 135 3 7
 137 3.25 4.75
 141 1 7
 142 2 6.5
 146 2.5 5.25
 148 2 7
 151 2 7
 161 5.5 2
 162 5.5 2
 164 5 1
 170 6.5 1.5
 175 6.75 1.5
 176 8 5
 180 6.5 3
 181 6.5 2.5
 185 6.5 3.5
 187 7.5 3.5
 208 5.5 1.5
 209 6.5 1
 211 6.5 6
 212 7.333333333333333 8.666666666666666
 214 7 5
 216 6 8
 219 9 5.5
 221 7.5 9
 223 7 5.5
 224 6.5 9.5
 227 7.5 8
 230 8 6
 241 7 7.75
 242 7.5 7.5
 243 7 8.5
 248 7.5 6.75
 254 7.5 8
 255 6.5 9.5
 258 7 9.5
# name: Error_2
# type: scalar
0.7925948640873934
# name: Error_total
# type: scalar
0.7405730045369995
# name: size_EstimatedCoordinates_row
# type: scalar
59
