# Created by Octave 2.9.13, Sun Oct 21 18:53:17 2007 EDT <eagblanc@wha229>
# name: Estimatedcoordinates_tot
# type: matrix
# rows: 111
# columns: 3
 68 1.5 2.5
 70 2.5 2
 72 1.75 2.25
 73 1.75 1.75
 77 4.75 2.5
 81 4.75 2.5
 89 4.9 3.1
 92 2.75 2.75
 95 2 2.75
 97 3 2.5
 100 2.5 2.5
 101 1.5 2.5
 104 2.5 2.25
 112 5.5 7.5
 114 1.25 6.75
 120 3 8
 121 1.3 6.4
 122 4.5 7
 126 1.75 6.5
 128 5 6.5
 133 1.25 7
 134 1.833333333333333 6.666666666666667
 137 4.5 7.75
 138 4.625 8
 139 4 9
 147 4 8.5
 151 4.75 8
 154 2.75 7.25
 156 1.666666666666667 5.833333333333333
 157 3.25 8.5
 162 6 2.5
 166 7.5 3.5
 167 7.5 2.5
 169 7 3.5
 175 5.5 1.5
 186 6.625 3.75
 194 6 2.5
 196 7 3.5
 198 6.5 3
 204 7 3.5
 206 6.75 3.25
 207 7.5 3.5
 209 5.5 2
 210 4.9 3.1
 213 4.75 6.75
 223 5 6
 234 7.5 7
 235 7 7.333333333333333
 236 6.75 7.5
 238 5.5 8
 245 6.75 7
 250 7 6.5
 252 5.5 7
 255 5.5 7.5
 258 6.625 5.75
 66 0.75 2.5
 71 1 2
 78 1 2.5
 79 3 3
 85 1.5 1.75
 86 2 3
 93 1.5 2
 94 3.25 2
 96 1 1.5
 98 5.5 2
 108 1.5 2.5
 113 4.5 5.5
 115 4.5 5.5
 118 3 7.5
 119 1 5.5
 123 3.5 6
 124 5 7
 125 4.5 6.5
 127 2 6
 129 2 7
 132 4.25 8
 136 1.5 5.75
 140 4.5 8.5
 143 1.5 7
 144 4.5 7.5
 145 1.5 6.5
 146 4 7.5
 150 2.5 7
 155 2.75 6.5
 158 1.5 6.5
 168 5 2.5
 170 7.5 4.25
 172 7 3.5
 179 6.5 2
 182 8.25 1.5
 183 7.5 3
 191 7 2.5
 193 7.5 5.5
 195 8 2
 202 7.5 4.5
 205 8 4
 214 6 6.5
 215 7 6
 216 5 6.5
 220 4.5 8
 222 7 5.25
 226 7.5 6
 227 7 8
 228 7 7.5
 231 5 6.5
 233 6.5 6
 237 5.5 6
 239 4.666666666666667 5.833333333333333
 242 7.666666666666667 5.333333333333333
 246 6.25 8.125
 256 7 6
# name: Estimatedcoordinates2
# type: matrix
# rows: 56
# columns: 3
 66 0.75 2.5
 71 1 2
 78 1 2.5
 79 3 3
 85 1.5 1.75
 86 2 3
 93 1.5 2
 94 3.25 2
 96 1 1.5
 98 5.5 2
 108 1.5 2.5
 113 4.5 5.5
 115 4.5 5.5
 118 3 7.5
 119 1 5.5
 123 3.5 6
 124 5 7
 125 4.5 6.5
 127 2 6
 129 2 7
 132 4.25 8
 136 1.5 5.75
 140 4.5 8.5
 143 1.5 7
 144 4.5 7.5
 145 1.5 6.5
 146 4 7.5
 150 2.5 7
 155 2.75 6.5
 158 1.5 6.5
 168 5 2.5
 170 7.5 4.25
 172 7 3.5
 179 6.5 2
 182 8.25 1.5
 183 7.5 3
 191 7 2.5
 193 7.5 5.5
 195 8 2
 202 7.5 4.5
 205 8 4
 214 6 6.5
 215 7 6
 216 5 6.5
 220 4.5 8
 222 7 5.25
 226 7.5 6
 227 7 8
 228 7 7.5
 231 5 6.5
 233 6.5 6
 237 5.5 6
 239 4.666666666666667 5.833333333333333
 242 7.666666666666667 5.333333333333333
 246 6.25 8.125
 256 7 6
# name: Error_2
# type: scalar
0.8390679662239822
# name: Error_total
# type: scalar
0.7900879146854152
# name: size_EstimatedCoordinates_row
# type: scalar
56
