# Created by Octave 2.9.13, Wed Oct 10 04:31:26 2007 EDT <eagblanc@wha663>
# name: Estimatedcoordinates
# type: matrix
# rows: 54
# columns: 3
 63 4.75 3.5
 68 1 3.5
 71 5 4
 75 4.6 4.3
 76 4.5 3.5
 77 1.5 2.75
 79 2 4.5
 86 3.75 2.75
 94 1.5 3.25
 101 1.5 4.5
 103 4.5 3.5
 106 4.25 3.75
 128 0.5 7
 142 3.166666666666667 7.166666666666667
 155 3 5.5
 158 4 5
 161 9.375 4.125
 164 5.5 4
 173 5.5 3.5
 180 7.375 5.125
 181 5 4
 183 9.5 4.25
 184 5.5 4
 185 5.5 4
 186 8.666666666666666 5.166666666666667
 193 4.666666666666667 3.5
 194 9.5 4.25
 197 6.5 4.5
 198 5.833333333333333 4.333333333333333
 200 8 0.5
 201 9 5
 203 9.5 4.25
 206 5.75 4.5
 212 9 9.5
 215 8 5.5
 216 7.5 7.5
 220 8 6
 222 8.666666666666666 5.333333333333333
 223 8.75 5.5
 230 6.5 7
 232 8.666666666666666 8.333333333333334
 233 5.75 5.125
 234 9.5 9.5
 235 7.75 6.25
 236 9.5 8.75
 237 8.5 7
 238 7.25 6.25
 241 7 6.5
 242 8.5 7.25
 247 5.9 5
 250 9 9
 252 7.5 5.5
 254 8.5 8.5
 258 8.25 6.5
# name: Error_1
# type: scalar
0.7124187231009226
# name: size_EstimatedCoordinates_row
# type: scalar
54
