# Created by Octave 2.9.13, Wed Oct 10 11:49:17 2007 EDT <eagblanc@dol24>
# name: Estimatedcoordinates_tot
# type: matrix
# rows: 113
# columns: 3
 61 1.5 5.5
 65 5 5
 67 2.166666666666667 4.833333333333333
 68 5 4.5
 72 3.625 4.4375
 77 2 5
 79 3.5 4.5
 82 5.5 5
 87 1 4.5
 88 4.25 4.25
 93 4.5 4.5
 95 2.25 4.75
 98 4 4.333333333333333
 105 1 3.5
 109 0.5 4.5
 113 4 5.5
 115 3.166666666666667 5.5
 125 4.5 5.5
 129 2 8.5
 133 2.166666666666667 4.833333333333333
 135 1 4.333333333333333
 136 5.5 5
 144 1.5 5.5
 154 5 5.5
 156 3 5
 162 9.333333333333334 3.333333333333333
 166 5.25 4.5
 167 5 5
 174 8 3
 175 5.5 4.5
 184 5 4
 192 8 3
 194 6 5
 197 6 5
 198 7.5 2.5
 199 6.5 4.5
 208 9 3
 212 6.4 5.7
 218 8 7
 219 6 5.5
 222 6 6
 223 9.5 6.5
 226 8.75 6.75
 227 6 5
 228 6 5
 231 6.4 5.7
 239 5.5 7
 240 9 6.875
 241 5 5.5
 243 5.5 5.166666666666667
 246 6 5.5
 247 9.1 6.6
 256 9.5 6.5
 259 7.5 5.5
 260 5.5 6
 66 3.5 4
 69 0.5 4
 70 1.25 3.5
 71 2 4.5
 73 3.5 5.5
 76 1.5 4.75
 78 1.5 3.5
 84 3 4
 97 1 3
 99 5 4.5
 100 5 4
 101 3.5 3.5
 102 4 4.5
 108 3.5 4.5
 119 5.5 8
 121 3 8
 124 4 6.5
 128 4.5 6.5
 130 3.25 8.75
 145 2 5
 146 2.75 8.25
 147 2.5 5.5
 148 1.75 8.5
 149 1.5 4.5
 151 3 8.5
 152 3.75 8
 155 3 5
 165 6 3.25
 171 7.5 2.5
 172 9 3.166666666666667
 173 9.5 3
 176 8.75 2.5
 177 6.5 4.5
 180 8.071428571428571 4.071428571428571
 181 7.5 2.5
 182 8.5 3
 190 8 2.5
 191 5.5 4
 193 9 3
 200 7 3.166666666666667
 203 8 2.5
 209 7.25 3.75
 210 9 3.5
 213 7.5 6
 214 6 7.25
 220 6 6.5
 224 5.5 6.5
 233 7 5.5
 242 9.5 6
 244 6.5 6
 245 6.5 6.5
 248 5.5 6
 250 4.5 9
 251 5 9
 253 9.5 6
 254 5.333333333333333 7.333333333333333
 257 4.625 9
 258 6.5 7
# name: Estimatedcoordinates2
# type: matrix
# rows: 58
# columns: 3
 66 3.5 4
 69 0.5 4
 70 1.25 3.5
 71 2 4.5
 73 3.5 5.5
 76 1.5 4.75
 78 1.5 3.5
 84 3 4
 97 1 3
 99 5 4.5
 100 5 4
 101 3.5 3.5
 102 4 4.5
 108 3.5 4.5
 119 5.5 8
 121 3 8
 124 4 6.5
 128 4.5 6.5
 130 3.25 8.75
 145 2 5
 146 2.75 8.25
 147 2.5 5.5
 148 1.75 8.5
 149 1.5 4.5
 151 3 8.5
 152 3.75 8
 155 3 5
 165 6 3.25
 171 7.5 2.5
 172 9 3.166666666666667
 173 9.5 3
 176 8.75 2.5
 177 6.5 4.5
 180 8.071428571428571 4.071428571428571
 181 7.5 2.5
 182 8.5 3
 190 8 2.5
 191 5.5 4
 193 9 3
 200 7 3.166666666666667
 203 8 2.5
 209 7.25 3.75
 210 9 3.5
 213 7.5 6
 214 6 7.25
 220 6 6.5
 224 5.5 6.5
 233 7 5.5
 242 9.5 6
 244 6.5 6
 245 6.5 6.5
 248 5.5 6
 250 4.5 9
 251 5 9
 253 9.5 6
 254 5.333333333333333 7.333333333333333
 257 4.625 9
 258 6.5 7
# name: Error_2
# type: scalar
0.7873942699876512
# name: Error_total
# type: scalar
0.7601904568045212
# name: size_EstimatedCoordinates_row
# type: scalar
58
