# Created by Octave 2.9.13, Sun Oct 21 15:00:34 2007 EDT <eagblanc@wha676>
# name: Estimatedcoordinates
# type: matrix
# rows: 51
# columns: 3
 66 2.75 5
 69 3.25 0.75
 70 4.5 4
 71 2 4
 74 3.5 4
 77 4.25 3.25
 78 4.5 4
 83 2 4.75
 84 4.5 4.5
 85 4.25 3.25
 89 2 4
 91 4.25 3.25
 95 2 5
 96 4.1 1.2
 100 4.5 5
 101 4.25 0.5
 109 3 4.5
 115 1.5 5
 116 3 5.666666666666667
 117 2.666666666666667 5.5
 120 4.5 6.5
 123 4.5 5.5
 130 4 6
 136 3 5
 142 2 4.5
 148 3.5 5
 152 3.5 5.5
 153 5 5.5
 154 4 5.5
 155 3.666666666666667 9
 159 4.125 6.875
 161 6.25 5
 164 8.5 3.5
 166 8.75 3.75
 170 5.5 5
 173 8.5 2.5
 180 8.5 3.5
 183 9 3
 187 6.3 2.1
 191 9 4
 207 9.25 4.5
 212 5.5 6
 219 7 5.5
 227 6.5 6.5
 234 6 7.25
 236 6.75 5.75
 244 5 5.75
 248 4 5.5
 251 5.5 5
 254 7 6
 257 6.5 6
# name: Error_1
# type: scalar
0.7401448663907197
# name: size_EstimatedCoordinates_row
# type: scalar
51
