# Created by Octave 2.9.13, Sun Oct 21 16:40:46 2007 EDT <eagblanc@wha173>
# name: Estimatedcoordinates_tot
# type: matrix
# rows: 106
# columns: 3
 61 3.5 4.75
 66 2.444444444444445 0.9444444444444444
 67 3.5 4.75
 71 3.5 4
 72 2.75 4.75
 76 2 4
 96 3 4
 100 1.5 3.5
 101 0.875 3.875
 108 2.5 5
 109 3 4
 112 2.5 6
 113 1 8
 115 2.333333333333333 6.5
 127 1 8
 133 1.5 9
 134 2.5 5
 136 1.5 9
 137 3.5 8
 142 3 7
 143 2.75 6.75
 145 2 5
 146 2.5 8.25
 149 2.833333333333333 8
 151 1.5 8.5
 155 2 8.25
 156 3 6.5
 157 3.5 7
 158 2.833333333333333 6.166666666666667
 160 1.5 8
 162 8 3
 163 7.25 5.5
 164 8.5 3.5
 165 8 4.25
 171 7 4.5
 176 8.666666666666666 3.833333333333333
 180 7.5 4
 182 6.9 3
 188 8 3
 190 7.75 4.5
 192 9 5
 195 7.5 5.5
 197 6.666666666666667 1.166666666666667
 199 8.5 4.5
 202 8.25 1
 208 6.666666666666667 4.666666666666667
 221 7 5
 224 9.5 8.5
 228 7 4.5
 234 7 8.5
 65 2 2.75
 73 3.5 4
 74 0.8333333333333334 3.333333333333333
 78 1 4
 88 1 3
 90 2 5.5
 97 2.333333333333333 2.666666666666667
 102 3.5 4.5
 111 1 8.75
 114 1.5 9
 117 2.5 8.5
 118 3.5 7.5
 120 2 9.5
 121 3.5 6
 122 3.5 6.5
 124 3.75 5.5
 125 2 5
 128 2.75 8.875
 129 1 9
 130 1 8
 132 3.5 7.5
 138 2 7
 139 1.25 8
 140 1.5 6.375
 141 1.5 9
 144 1.5 8.333333333333334
 147 1.5 7.5
 150 3 9
 153 2 8.5
 154 3.333333333333333 7.166666666666667
 159 2 7
 167 7 3.5
 173 8.25 2.75
 184 6.5 1
 185 9 4.5
 186 7 4
 187 8 2.25
 191 9 5
 196 6 4
 201 8 3
 205 6.5 4
 207 6.5 4
 210 6.8125 2.4375
 215 7 5
 218 6.5 5.5
 219 8 5
 223 6.5 5
 229 7.5 9.166666666666666
 233 7.5 9
 237 9.5 9
 238 9.25 9
 241 8.5 9.5
 242 8.75 9.375
 255 6.333333333333333 9.166666666666666
 257 8.5 9.25
 259 7 4
# name: Estimatedcoordinates2
# type: matrix
# rows: 56
# columns: 3
 65 2 2.75
 73 3.5 4
 74 0.8333333333333334 3.333333333333333
 78 1 4
 88 1 3
 90 2 5.5
 97 2.333333333333333 2.666666666666667
 102 3.5 4.5
 111 1 8.75
 114 1.5 9
 117 2.5 8.5
 118 3.5 7.5
 120 2 9.5
 121 3.5 6
 122 3.5 6.5
 124 3.75 5.5
 125 2 5
 128 2.75 8.875
 129 1 9
 130 1 8
 132 3.5 7.5
 138 2 7
 139 1.25 8
 140 1.5 6.375
 141 1.5 9
 144 1.5 8.333333333333334
 147 1.5 7.5
 150 3 9
 153 2 8.5
 154 3.333333333333333 7.166666666666667
 159 2 7
 167 7 3.5
 173 8.25 2.75
 184 6.5 1
 185 9 4.5
 186 7 4
 187 8 2.25
 191 9 5
 196 6 4
 201 8 3
 205 6.5 4
 207 6.5 4
 210 6.8125 2.4375
 215 7 5
 218 6.5 5.5
 219 8 5
 223 6.5 5
 229 7.5 9.166666666666666
 233 7.5 9
 237 9.5 9
 238 9.25 9
 241 8.5 9.5
 242 8.75 9.375
 255 6.333333333333333 9.166666666666666
 257 8.5 9.25
 259 7 4
# name: Error_2
# type: scalar
0.8075897282735476
# name: Error_total
# type: scalar
0.7760335315478731
# name: size_EstimatedCoordinates_row
# type: scalar
56
