# Created by Octave 2.9.13, Tue Oct 09 16:25:45 2007 EDT <eagblanc@wha656>
# name: Estimatedcoordinates
# type: matrix
# rows: 52
# columns: 3
 62 3.75 2.75
 72 0.5 2.5
 73 0.5 1.75
 75 4.333333333333333 4.166666666666667
 82 3.5 5.5
 84 4.5 0.5
 86 3.75 2.75
 87 0.5 3
 89 4.333333333333333 1.166666666666667
 96 4.25 2.75
 99 4.75 2.75
 101 3.75 2.75
 110 4.75 1
 115 1.833333333333333 6.166666666666667
 117 3.25 6.5
 120 3.5 6
 143 3.25 6.5
 145 4 6
 148 4.75 6.25
 150 3.25 6.25
 155 2.833333333333333 6.166666666666667
 160 3.375 6.375
 161 8.5 3.5
 163 8.5 4.25
 164 8.5 5.5
 167 4.75 2.5
 172 8.875 2.75
 173 9 2
 177 8.5 4.5
 181 9.25 2.25
 190 8.5 4.25
 200 9 4
 205 9 2.5
 207 9 4.5
 213 8.5 4.25
 215 5.5 6.5
 217 6.5 7.5
 221 6.5 7.625
 222 9.5 5
 224 6.5 7.625
 228 9.166666666666666 5.833333333333333
 230 8 7.5
 235 6.25 7.5
 237 8.666666666666666 6.333333333333333
 241 8.5 5.5
 245 6.75 8.25
 249 7.5 8
 250 5.666666666666667 6.666666666666667
 251 7 8
 254 8.5 5.5
 257 7.6 7.5
 258 6.333333333333333 7.166666666666667
# name: Error_total
# type: scalar
0.7154663140254445
# name: size_EstimatedCoordinates_row
# type: scalar
52
