# Created by Octave 2.9.13, Sun Oct 21 13:40:07 2007 EDT <eagblanc@wha608>
# name: Estimatedcoordinates
# type: matrix
# rows: 64
# columns: 3
 62 3.75 5
 63 0.5 3.5
 65 2 1.5
 70 1.5 2
 75 3 6
 76 1.5 1.5
 77 2 1.5
 79 4 1.5
 81 4 5.5
 87 1.5 1.5
 88 1 1.5
 93 4 1.5
 95 2 1.5
 101 3.833333333333333 5.166666666666667
 107 2 1.5
 112 3.25 5.75
 115 3.5 5.5
 116 5 9.5
 119 3 6
 124 4.3 9
 125 4 6.5
 128 3.75 6.5
 130 3.666666666666667 6.166666666666667
 132 3.25 6.75
 133 2.5 6
 135 4.642857142857143 7.785714285714286
 136 4.5 9.5
 137 2.5 6
 143 4.642857142857143 7.785714285714286
 145 2.75 6
 151 4 5.5
 157 3 5.5
 160 3.375 7.375
 163 5.5 1.5
 164 6.75 1
 165 5 0.75
 167 6.5 1.5
 173 8 2.5
 175 6.75 1
 176 8 1.5
 182 8.5 2.5
 189 8.5 2
 192 7 1.25
 193 9 2
 201 7 1.5
 203 8.5 1.5
 204 7.5 2
 206 6.75 1
 207 8 1.5
 213 7.833333333333333 8.333333333333334
 215 6 9.25
 217 5.5 9.25
 218 7.5 8.5
 230 6.4 6.9
 236 5.333333333333333 8.833333333333334
 237 6.5 9
 240 6 8
 242 6.5 8
 246 7.75 8.25
 247 8.5 8.25
 249 6.5 8
 253 8.5 8.25
 255 5.5 9
 256 8 6.625
# name: Error_1
# type: scalar
0.7517822143698385
# name: size_EstimatedCoordinates_row
# type: scalar
64
