# Created by Octave 2.9.13, Wed Oct 10 09:51:26 2007 EDT <eagblanc@wha142>
# name: Estimatedcoordinates
# type: matrix
# rows: 41
# columns: 3
 62 3 3.5
 65 4.125 5.5
 69 1.5 2.5
 76 2.5 2
 80 1 2
 87 3.5 5.5
 91 3 5.5
 93 2 1.75
 98 2.25 5.5
 101 4 5
 107 1.5 3.5
 108 2.25 1.75
 114 3.5 5.5
 116 2.75 6
 126 5.5 7
 130 4 5
 131 4 5
 133 3.5 6
 135 3.5 5
 140 3.5 6
 162 7.5 3.5
 177 7.5 1
 179 8 0.5
 186 6.5 0.5
 198 7 3
 208 7.5 3.5
 211 6.5 6.5
 212 7 6.5
 214 9 5.25
 216 9 5
 219 7.5 7.75
 221 8.75 6.75
 222 7 6
 224 6.5 7
 227 6.5 7
 232 5.5 7
 241 7.25 6.5
 245 8.666666666666666 5.666666666666667
 247 8.5 7
 250 7.5 6.5
 260 8 6.5
# name: Error_1
# type: scalar
0.7976262489747897
# name: size_EstimatedCoordinates_row
# type: scalar
41
