# Created by Octave 2.9.13, Tue Oct 09 16:33:57 2007 EDT <eagblanc@wha486>
# name: Estimatedcoordinates
# type: matrix
# rows: 69
# columns: 3
 64 3.75 4.25
 65 4 4
 66 4 3.5
 67 3 2
 71 3.5 3.75
 74 3.5 3
 76 4 1
 78 3.5 4
 79 3.5 5.5
 80 4 1.5
 81 4 1.5
 83 2.5 2
 91 3 2.5
 95 3.5 3.75
 97 4.5 2
 100 4.25 0.5
 102 2.5 2.25
 104 4 2
 105 1 2
 106 1 2
 109 3.5 2
 118 4 6
 129 1.5 6
 132 3.5 5.5
 133 3 7
 138 2.5 6
 140 4 6.5
 149 3.5 6
 151 2.5 6.5
 152 5 6
 153 4.5 6
 157 5.25 7.25
 170 9.25 2.5
 175 8.75 2.75
 176 9 2.5
 178 4.5 3
 179 8.25 1.5
 186 4.5 3.5
 188 5 2.5
 189 8.25 1.5
 191 9 3.5
 199 9 2.5
 201 4 0.5
 203 4.5 2
 204 7.75 4.75
 206 8 4.5
 208 8 4
 209 9 4.5
 210 9 3
 211 5.333333333333333 8.333333333333334
 216 5.5 7.25
 218 8 7.5
 220 7 7
 223 7 7
 225 8 8.5
 226 9 6.25
 229 6 7.5
 232 9 7
 233 6 7
 234 8.5 7
 238 7.5 6.5
 240 7 7
 243 6.5 7
 244 7.5 4.5
 246 8.5 6.5
 247 7 8
 248 5 6
 255 7.25 5.75
 259 5.833333333333333 7
# name: Error_total
# type: scalar
0.7742129639910104
# name: size_EstimatedCoordinates_row
# type: scalar
69
