# Created by Octave 2.9.13, Wed Oct 10 11:33:39 2007 EDT <eagblanc@dol7>
# name: Estimatedcoordinates
# type: matrix
# rows: 55
# columns: 3
 61 1.5 5.5
 65 5 5
 67 2.166666666666667 4.833333333333333
 68 5 4.5
 72 3.625 4.4375
 77 2 5
 79 3.5 4.5
 82 5.5 5
 87 1 4.5
 88 4.25 4.25
 93 4.5 4.5
 95 2.25 4.75
 98 4 4.333333333333333
 105 1 3.5
 109 0.5 4.5
 113 4 5.5
 115 3.166666666666667 5.5
 125 4.5 5.5
 129 2 8.5
 133 2.166666666666667 4.833333333333333
 135 1 4.333333333333333
 136 5.5 5
 144 1.5 5.5
 154 5 5.5
 156 3 5
 162 9.333333333333334 3.333333333333333
 166 5.25 4.5
 167 5 5
 174 8 3
 175 5.5 4.5
 184 5 4
 192 8 3
 194 6 5
 197 6 5
 198 7.5 2.5
 199 6.5 4.5
 208 9 3
 212 6.4 5.7
 218 8 7
 219 6 5.5
 222 6 6
 223 9.5 6.5
 226 8.75 6.75
 227 6 5
 228 6 5
 231 6.4 5.7
 239 5.5 7
 240 9 6.875
 241 5 5.5
 243 5.5 5.166666666666667
 246 6 5.5
 247 9.1 6.6
 256 9.5 6.5
 259 7.5 5.5
 260 5.5 6
# name: Error_1
# type: scalar
0.7304060172003839
# name: size_EstimatedCoordinates_row
# type: scalar
55
