# Created by Octave 2.9.13, Sun Oct 21 15:17:58 2007 EDT <eagblanc@wha758>
# name: Estimatedcoordinates_tot
# type: matrix
# rows: 103
# columns: 3
 66 2.75 5
 69 3.25 0.75
 70 4.5 4
 71 2 4
 74 3.5 4
 77 4.25 3.25
 78 4.5 4
 83 2 4.75
 84 4.5 4.5
 85 4.25 3.25
 89 2 4
 91 4.25 3.25
 95 2 5
 96 4.1 1.2
 100 4.5 5
 101 4.25 0.5
 109 3 4.5
 115 1.5 5
 116 3 5.666666666666667
 117 2.666666666666667 5.5
 120 4.5 6.5
 123 4.5 5.5
 130 4 6
 136 3 5
 142 2 4.5
 148 3.5 5
 152 3.5 5.5
 153 5 5.5
 154 4 5.5
 155 3.666666666666667 9
 159 4.125 6.875
 161 6.25 5
 164 8.5 3.5
 166 8.75 3.75
 170 5.5 5
 173 8.5 2.5
 180 8.5 3.5
 183 9 3
 187 6.3 2.1
 191 9 4
 207 9.25 4.5
 212 5.5 6
 219 7 5.5
 227 6.5 6.5
 234 6 7.25
 236 6.75 5.75
 244 5 5.75
 248 4 5.5
 251 5.5 5
 254 7 6
 257 6.5 6
 61 1.333333333333333 4.5
 67 3.5 0.75
 75 4.5 3
 79 2.5 4.5
 82 5.5 2.25
 86 2.5 5
 87 3.25 1.25
 90 2 5
 92 4.5 1
 94 4.5 3.5
 97 2.5 4
 104 4.5 1.666666666666667
 106 4 2
 108 2 4.5
 110 4 3.5
 112 2.5 5.5
 113 3.333333333333333 7.833333333333333
 119 3 6.5
 122 4 6
 128 4 8
 135 4 6.5
 138 3.75 9.5
 143 4 8.5
 144 3.5 6.5
 145 2 4.5
 156 3.5625 7.375
 157 2.5 6
 158 1.5 5.5
 162 9 3
 165 6.666666666666667 2.166666666666667
 167 5.5 2.5
 169 5.75 2
 172 7.5 2.166666666666667
 178 8.5 4
 184 8.25 2
 186 6 2.5
 196 9 2.5
 197 9 3.5
 198 9 4
 200 4.5 4.5
 201 8.5 3.5
 208 4.5 1
 209 5.25 3
 214 7 5.5
 220 8 6.5
 226 5.5 6
 228 7.5 5.5
 233 7.583333333333333 7.166666666666667
 235 6 5.5
 240 6.333333333333333 8.583333333333334
 242 6.25 9.25
 247 6.25 8.25
# name: Estimatedcoordinates2
# type: matrix
# rows: 52
# columns: 3
 61 1.333333333333333 4.5
 67 3.5 0.75
 75 4.5 3
 79 2.5 4.5
 82 5.5 2.25
 86 2.5 5
 87 3.25 1.25
 90 2 5
 92 4.5 1
 94 4.5 3.5
 97 2.5 4
 104 4.5 1.666666666666667
 106 4 2
 108 2 4.5
 110 4 3.5
 112 2.5 5.5
 113 3.333333333333333 7.833333333333333
 119 3 6.5
 122 4 6
 128 4 8
 135 4 6.5
 138 3.75 9.5
 143 4 8.5
 144 3.5 6.5
 145 2 4.5
 156 3.5625 7.375
 157 2.5 6
 158 1.5 5.5
 162 9 3
 165 6.666666666666667 2.166666666666667
 167 5.5 2.5
 169 5.75 2
 172 7.5 2.166666666666667
 178 8.5 4
 184 8.25 2
 186 6 2.5
 196 9 2.5
 197 9 3.5
 198 9 4
 200 4.5 4.5
 201 8.5 3.5
 208 4.5 1
 209 5.25 3
 214 7 5.5
 220 8 6.5
 226 5.5 6
 228 7.5 5.5
 233 7.583333333333333 7.166666666666667
 235 6 5.5
 240 6.333333333333333 8.583333333333334
 242 6.25 9.25
 247 6.25 8.25
# name: Error_2
# type: scalar
0.8320178845952416
# name: Error_total
# type: scalar
0.7878675355640303
# name: size_EstimatedCoordinates_row
# type: scalar
52
