# Created by Octave 2.9.13, Wed Oct 10 10:17:21 2007 EDT <eagblanc@wha199>
# name: Estimatedcoordinates
# type: matrix
# rows: 52
# columns: 3
 64 4.5 2
 69 1.5 3.75
 76 3 4
 84 1.75 3.25
 92 2.5 3.5
 97 2.5 4.5
 100 4.5 1.5
 103 1.6 3.9
 105 2 4
 106 2.25 4.25
 126 2 7.166666666666667
 131 1.75 7
 154 1.75 7
 155 2.5 7
 156 2.75 7
 160 1.75 5.25
 165 5 2.5
 166 7.5 5
 167 8 4.25
 169 6 3.666666666666667
 171 6.25 3.25
 173 6.5 3
 174 7.5 4
 179 4.5 2
 182 4.75 2.25
 183 6 3.5
 189 5.75 2
 191 7 4.25
 193 6 2.125
 194 7 4
 197 6.5 4
 198 4.5 2
 200 6 3.5
 201 5.833333333333333 3.666666666666667
 202 5 2.5
 207 5 2
 210 5.75 2
 213 7.5 9
 217 7 5.5
 218 6.5 5
 222 7 5.25
 228 6.875 4.75
 231 6.5 6
 233 6.75 9
 236 8 5.5
 238 7.5 6
 239 7.5 6
 240 8.25 5.25
 246 6.5 9.5
 247 5.75 9
 256 7 7.5
 260 8 5.5
# name: Error_1
# type: scalar
0.6767225760171831
# name: size_EstimatedCoordinates_row
# type: scalar
52
