# Created by Octave 2.9.13, Wed Oct 10 05:17:56 2007 EDT <eagblanc@wha124>
# name: Estimatedcoordinates_tot
# type: matrix
# rows: 119
# columns: 3
 63 4.75 3.5
 68 1 3.5
 71 5 4
 75 4.6 4.3
 76 4.5 3.5
 77 1.5 2.75
 79 2 4.5
 86 3.75 2.75
 94 1.5 3.25
 101 1.5 4.5
 103 4.5 3.5
 106 4.25 3.75
 128 0.5 7
 142 3.166666666666667 7.166666666666667
 155 3 5.5
 158 4 5
 161 9.375 4.125
 164 5.5 4
 173 5.5 3.5
 180 7.375 5.125
 181 5 4
 183 9.5 4.25
 184 5.5 4
 185 5.5 4
 186 8.666666666666666 5.166666666666667
 193 4.666666666666667 3.5
 194 9.5 4.25
 197 6.5 4.5
 198 5.833333333333333 4.333333333333333
 200 8 0.5
 201 9 5
 203 9.5 4.25
 206 5.75 4.5
 212 9 9.5
 215 8 5.5
 216 7.5 7.5
 220 8 6
 222 8.666666666666666 5.333333333333333
 223 8.75 5.5
 230 6.5 7
 232 8.666666666666666 8.333333333333334
 233 5.75 5.125
 234 9.5 9.5
 235 7.75 6.25
 236 9.5 8.75
 237 8.5 7
 238 7.25 6.25
 241 7 6.5
 242 8.5 7.25
 247 5.9 5
 250 9 9
 252 7.5 5.5
 254 8.5 8.5
 258 8.25 6.5
 62 4.5 3
 64 1.75 2.5
 67 1 3.5
 73 1 3
 74 4.5 4
 84 3.5 4.5
 87 3 5.5
 89 4 4
 91 3.75 3.25
 92 3.625 1.75
 95 3 2.25
 99 4 3
 105 4 4
 107 5 3.5
 108 4.5 3.166666666666667
 110 5 3.5
 111 1 7
 119 2.5 7.5
 120 3 7.75
 121 4 6
 123 2.75 4.5
 127 3.75 6
 129 4 4
 132 3.25 5.5
 136 2.666666666666667 5.833333333333333
 140 2.857142857142857 7.071428571428571
 145 5 4.5
 146 1 6.75
 148 3 6
 149 2 4.5
 151 2 6.833333333333333
 154 2 4.5
 159 3 7
 163 9 0.5
 165 6.5 5
 167 9 3.5
 168 8.75 3.5
 169 4.5 3.5
 171 7.5 4.5
 176 9 3
 178 8 5.5
 189 6.5 4
 190 9 5
 192 9.25 4
 204 5.5 3.5
 207 5 3.5
 209 6 4.5
 214 6 5
 217 8 8
 219 6 7.5
 221 6 7.5
 225 9 6.25
 226 9 8
 228 5.5 5
 229 4.5 5.5
 231 7.5 5.5
 239 8.5 8.5
 240 5.5 5.75
 243 6.75 7.25
 248 4.5 5.25
 249 9 8.5
 251 7.333333333333333 8
 256 6 7.5
 257 8.5 7
 260 8 6
# name: Estimatedcoordinates2
# type: matrix
# rows: 65
# columns: 3
 62 4.5 3
 64 1.75 2.5
 67 1 3.5
 73 1 3
 74 4.5 4
 84 3.5 4.5
 87 3 5.5
 89 4 4
 91 3.75 3.25
 92 3.625 1.75
 95 3 2.25
 99 4 3
 105 4 4
 107 5 3.5
 108 4.5 3.166666666666667
 110 5 3.5
 111 1 7
 119 2.5 7.5
 120 3 7.75
 121 4 6
 123 2.75 4.5
 127 3.75 6
 129 4 4
 132 3.25 5.5
 136 2.666666666666667 5.833333333333333
 140 2.857142857142857 7.071428571428571
 145 5 4.5
 146 1 6.75
 148 3 6
 149 2 4.5
 151 2 6.833333333333333
 154 2 4.5
 159 3 7
 163 9 0.5
 165 6.5 5
 167 9 3.5
 168 8.75 3.5
 169 4.5 3.5
 171 7.5 4.5
 176 9 3
 178 8 5.5
 189 6.5 4
 190 9 5
 192 9.25 4
 204 5.5 3.5
 207 5 3.5
 209 6 4.5
 214 6 5
 217 8 8
 219 6 7.5
 221 6 7.5
 225 9 6.25
 226 9 8
 228 5.5 5
 229 4.5 5.5
 231 7.5 5.5
 239 8.5 8.5
 240 5.5 5.75
 243 6.75 7.25
 248 4.5 5.25
 249 9 8.5
 251 7.333333333333333 8
 256 6 7.5
 257 8.5 7
 260 8 6
# name: Error_2
# type: scalar
0.8221416225291506
# name: Error_total
# type: scalar
0.7742807922612625
# name: size_EstimatedCoordinates_row
# type: scalar
65
