# Created by Octave 2.9.13, Wed Oct 10 10:45:44 2007 EDT <eagblanc@dol26>
# name: Estimatedcoordinates
# type: matrix
# rows: 44
# columns: 3
 71 1.5 2
 78 3.5 0.5
 80 1.25 4.25
 87 3.75 1.25
 92 4.25 1
 98 5 1.5
 99 1.5 2.333333333333333
 102 1.75 2.5
 103 3 1
 113 1 6
 115 1.5 7.5
 121 1.75 8
 123 1.5 8
 124 3.65 7.5
 126 1.75 7.25
 129 4.75 5.25
 130 4.5 8.5
 135 4.75 9
 136 5.5 5.5
 141 5.5 9
 145 1 8.75
 149 4.25 6
 152 1.5 7.5
 167 5.25 2
 172 5.5 1.5
 181 9.5 4.25
 188 5.166666666666667 2.666666666666667
 191 9 3
 192 5 5.5
 194 6 1
 195 6 1.5
 201 6.5 1.5
 202 5.25 2.5
 205 9.5 1.5
 207 6.75 1.25
 223 8.1 8.800000000000001
 224 6.25 6.25
 232 5.5 6
 240 8.333333333333334 8.666666666666666
 241 5 5
 243 8 8.5
 245 6 6
 248 4.75 5.25
 249 5 6.25
# name: Error_1
# type: scalar
0.6315289763552379
# name: size_EstimatedCoordinates_row
# type: scalar
44
