# Created by Octave 2.9.13, Sun Oct 21 16:16:12 2007 EDT <eagblanc@wha609>
# name: Estimatedcoordinates
# type: matrix
# rows: 50
# columns: 3
 61 3.5 4.75
 66 2.444444444444445 0.9444444444444444
 67 3.5 4.75
 71 3.5 4
 72 2.75 4.75
 76 2 4
 96 3 4
 100 1.5 3.5
 101 0.875 3.875
 108 2.5 5
 109 3 4
 112 2.5 6
 113 1 8
 115 2.333333333333333 6.5
 127 1 8
 133 1.5 9
 134 2.5 5
 136 1.5 9
 137 3.5 8
 142 3 7
 143 2.75 6.75
 145 2 5
 146 2.5 8.25
 149 2.833333333333333 8
 151 1.5 8.5
 155 2 8.25
 156 3 6.5
 157 3.5 7
 158 2.833333333333333 6.166666666666667
 160 1.5 8
 162 8 3
 163 7.25 5.5
 164 8.5 3.5
 165 8 4.25
 171 7 4.5
 176 8.666666666666666 3.833333333333333
 180 7.5 4
 182 6.9 3
 188 8 3
 190 7.75 4.5
 192 9 5
 195 7.5 5.5
 197 6.666666666666667 1.166666666666667
 199 8.5 4.5
 202 8.25 1
 208 6.666666666666667 4.666666666666667
 221 7 5
 224 9.5 8.5
 228 7 4.5
 234 7 8.5
# name: Error_1
# type: scalar
0.7390927815269416
# name: size_EstimatedCoordinates_row
# type: scalar
50
