# Created by Octave 2.9.13, Wed Oct 10 10:00:52 2007 EDT <eagblanc@wha142>
# name: Estimatedcoordinates_tot
# type: matrix
# rows: 90
# columns: 3
 62 3 3.5
 65 4.125 5.5
 69 1.5 2.5
 76 2.5 2
 80 1 2
 87 3.5 5.5
 91 3 5.5
 93 2 1.75
 98 2.25 5.5
 101 4 5
 107 1.5 3.5
 108 2.25 1.75
 114 3.5 5.5
 116 2.75 6
 126 5.5 7
 130 4 5
 131 4 5
 133 3.5 6
 135 3.5 5
 140 3.5 6
 162 7.5 3.5
 177 7.5 1
 179 8 0.5
 186 6.5 0.5
 198 7 3
 208 7.5 3.5
 211 6.5 6.5
 212 7 6.5
 214 9 5.25
 216 9 5
 219 7.5 7.75
 221 8.75 6.75
 222 7 6
 224 6.5 7
 227 6.5 7
 232 5.5 7
 241 7.25 6.5
 245 8.666666666666666 5.666666666666667
 247 8.5 7
 250 7.5 6.5
 260 8 6.5
 64 2 2
 67 2 1.5
 72 1 3
 73 3 4
 74 1.5 2.5
 77 2.75 4
 78 1.333333333333333 1.333333333333333
 79 3 3.25
 81 3.5 4.5
 83 2 1.5
 85 2.5 4.5
 86 2 2.5
 92 2.5 3.5
 99 2.5 4.5
 105 1 4.5
 119 4.25 6.5
 129 4.25 6.5
 149 4 6.75
 151 3.5 6
 163 7 1.5
 165 7.5 4
 166 7 3.5
 167 8.5 5.5
 170 5.5 5
 176 7.5 3
 180 6.75 5
 181 7.5 3.5
 182 8 1
 190 8 1
 191 5.25 5
 193 7 5.166666666666667
 194 8.25 4.5
 199 8.5 0.5
 201 7.5 1
 203 7 3
 209 7 3.5
 210 6.75 1.5
 220 8 7.5
 223 8.5 6
 225 8.5 6.5
 228 9 6.5
 230 4.75 7
 231 8.5 6.5
 236 8.5 8.25
 237 8 7.5
 240 8.4 8.199999999999999
 248 8 6.75
 256 8 7
 259 9 6
# name: Estimatedcoordinates2
# type: matrix
# rows: 49
# columns: 3
 64 2 2
 67 2 1.5
 72 1 3
 73 3 4
 74 1.5 2.5
 77 2.75 4
 78 1.333333333333333 1.333333333333333
 79 3 3.25
 81 3.5 4.5
 83 2 1.5
 85 2.5 4.5
 86 2 2.5
 92 2.5 3.5
 99 2.5 4.5
 105 1 4.5
 119 4.25 6.5
 129 4.25 6.5
 149 4 6.75
 151 3.5 6
 163 7 1.5
 165 7.5 4
 166 7 3.5
 167 8.5 5.5
 170 5.5 5
 176 7.5 3
 180 6.75 5
 181 7.5 3.5
 182 8 1
 190 8 1
 191 5.25 5
 193 7 5.166666666666667
 194 8.25 4.5
 199 8.5 0.5
 201 7.5 1
 203 7 3
 209 7 3.5
 210 6.75 1.5
 220 8 7.5
 223 8.5 6
 225 8.5 6.5
 228 9 6.5
 230 4.75 7
 231 8.5 6.5
 236 8.5 8.25
 237 8 7.5
 240 8.4 8.199999999999999
 248 8 6.75
 256 8 7
 259 9 6
# name: Error_2
# type: scalar
0.7963634201537114
# name: Error_total
# type: scalar
0.7969389569972252
# name: size_EstimatedCoordinates_row
# type: scalar
49
