# Created by Octave 2.9.13, Sun Oct 21 17:03:12 2007 EDT <eagblanc@wha23>
# name: Estimatedcoordinates
# type: matrix
# rows: 38
# columns: 3
 72 4 3
 74 0.5 5
 81 1.5 4.5
 89 2.6 0.7
 91 1.5 1.416666666666667
 93 1 4.25
 96 2.6 0.7
 98 1 5.5
 104 2 1
 108 1 5.5
 110 2.166666666666667 4.166666666666667
 114 0.5 5.5
 116 1.166666666666667 5.166666666666667
 117 2.166666666666667 9.166666666666666
 122 2 8.5
 124 2.166666666666667 9.166666666666666
 138 2.75 8.75
 144 2.25 8.5
 150 3.333333333333333 7.833333333333333
 153 2.75 8.5
 155 1.25 5.25
 175 8.75 1.75
 179 9 1.5
 182 9.1 2.7
 184 9 1.5
 187 6.5 5.75
 202 8.75 2.5
 220 6.333333333333333 7.75
 221 5.75 6.25
 222 6.333333333333333 7.75
 231 5 7.5
 243 6.5 6.5
 247 6 7
 250 5.833333333333333 6.333333333333333
 251 5.5 8.25
 256 6 6
 258 5.5 8.375
 259 6.166666666666667 6
# name: Error_1
# type: scalar
0.6369469264502247
# name: size_EstimatedCoordinates_row
# type: scalar
38
