# Created by Octave 2.9.13, Sun Oct 21 14:00:57 2007 EDT <eagblanc@wha608>
# name: Estimatedcoordinates_tot
# type: matrix
# rows: 137
# columns: 3
 62 3.75 5
 63 0.5 3.5
 65 2 1.5
 70 1.5 2
 75 3 6
 76 1.5 1.5
 77 2 1.5
 79 4 1.5
 81 4 5.5
 87 1.5 1.5
 88 1 1.5
 93 4 1.5
 95 2 1.5
 101 3.833333333333333 5.166666666666667
 107 2 1.5
 112 3.25 5.75
 115 3.5 5.5
 116 5 9.5
 119 3 6
 124 4.3 9
 125 4 6.5
 128 3.75 6.5
 130 3.666666666666667 6.166666666666667
 132 3.25 6.75
 133 2.5 6
 135 4.642857142857143 7.785714285714286
 136 4.5 9.5
 137 2.5 6
 143 4.642857142857143 7.785714285714286
 145 2.75 6
 151 4 5.5
 157 3 5.5
 160 3.375 7.375
 163 5.5 1.5
 164 6.75 1
 165 5 0.75
 167 6.5 1.5
 173 8 2.5
 175 6.75 1
 176 8 1.5
 182 8.5 2.5
 189 8.5 2
 192 7 1.25
 193 9 2
 201 7 1.5
 203 8.5 1.5
 204 7.5 2
 206 6.75 1
 207 8 1.5
 213 7.833333333333333 8.333333333333334
 215 6 9.25
 217 5.5 9.25
 218 7.5 8.5
 230 6.4 6.9
 236 5.333333333333333 8.833333333333334
 237 6.5 9
 240 6 8
 242 6.5 8
 246 7.75 8.25
 247 8.5 8.25
 249 6.5 8
 253 8.5 8.25
 255 5.5 9
 256 8 6.625
 61 2.5 5
 64 3.5 2
 66 4 1.25
 67 1 1.5
 68 0.5 2.5
 69 3.5 4.5
 71 5 1.5
 74 3.75 4.75
 78 2.625 4.125
 80 3.5 4.5
 83 0.5 3
 84 2.25 5.25
 85 1.5 2
 89 3 5
 90 0.5 2
 91 2.5 1.5
 94 1.5 1
 98 4 1.25
 99 5 0.75
 100 1 2
 102 2.75 1.5
 104 2 1.5
 105 1 1
 106 1.5 2
 109 4 1.5
 110 3 1.833333333333333
 114 4.5 9.5
 120 3 5.5
 121 3.5 5
 122 2.5 6
 123 3.5 6.5
 129 4 9.5
 134 4.5 6
 139 4 9.5
 140 2.5 6
 144 3 7
 147 3.5 5.5
 149 3.5 6
 152 4 7.5
 153 2 5.5
 154 2.5 6.5
 170 6.5 1.5
 172 6 1
 174 7.5 1
 179 8.25 1
 180 6 1
 183 6 1
 185 5.25 2
 186 6.5 1
 190 7 1
 195 4.75 5.25
 199 8.5 2.5
 205 8.5 2
 209 7 2
 211 6 8
 216 8.5 8
 219 8 7.25
 220 8.75 9.25
 221 6.375 8.25
 222 8 8
 225 5.5 8
 226 8.5 8
 229 6.75 8.75
 232 8.5 8
 235 6 9.5
 238 7.5 7.5
 239 8.5 8
 241 8.5 8
 252 8.333333333333334 8.333333333333334
 257 5 7
 258 5.5 8
 259 8 7.5
 260 5.5 9
# name: Estimatedcoordinates2
# type: matrix
# rows: 73
# columns: 3
 61 2.5 5
 64 3.5 2
 66 4 1.25
 67 1 1.5
 68 0.5 2.5
 69 3.5 4.5
 71 5 1.5
 74 3.75 4.75
 78 2.625 4.125
 80 3.5 4.5
 83 0.5 3
 84 2.25 5.25
 85 1.5 2
 89 3 5
 90 0.5 2
 91 2.5 1.5
 94 1.5 1
 98 4 1.25
 99 5 0.75
 100 1 2
 102 2.75 1.5
 104 2 1.5
 105 1 1
 106 1.5 2
 109 4 1.5
 110 3 1.833333333333333
 114 4.5 9.5
 120 3 5.5
 121 3.5 5
 122 2.5 6
 123 3.5 6.5
 129 4 9.5
 134 4.5 6
 139 4 9.5
 140 2.5 6
 144 3 7
 147 3.5 5.5
 149 3.5 6
 152 4 7.5
 153 2 5.5
 154 2.5 6.5
 170 6.5 1.5
 172 6 1
 174 7.5 1
 179 8.25 1
 180 6 1
 183 6 1
 185 5.25 2
 186 6.5 1
 190 7 1
 195 4.75 5.25
 199 8.5 2.5
 205 8.5 2
 209 7 2
 211 6 8
 216 8.5 8
 219 8 7.25
 220 8.75 9.25
 221 6.375 8.25
 222 8 8
 225 5.5 8
 226 8.5 8
 229 6.75 8.75
 232 8.5 8
 235 6 9.5
 238 7.5 7.5
 239 8.5 8
 241 8.5 8
 252 8.333333333333334 8.333333333333334
 257 5 7
 258 5.5 8
 259 8 7.5
 260 5.5 9
# name: Error_2
# type: scalar
0.8485381667124479
# name: Error_total
# type: scalar
0.8047874015353099
# name: size_EstimatedCoordinates_row
# type: scalar
73
