# Created by Octave 2.9.13, Sun Oct 21 17:12:11 2007 EDT <eagblanc@wha441>
# name: Estimatedcoordinates_tot
# type: matrix
# rows: 89
# columns: 3
 72 4 3
 74 0.5 5
 81 1.5 4.5
 89 2.6 0.7
 91 1.5 1.416666666666667
 93 1 4.25
 96 2.6 0.7
 98 1 5.5
 104 2 1
 108 1 5.5
 110 2.166666666666667 4.166666666666667
 114 0.5 5.5
 116 1.166666666666667 5.166666666666667
 117 2.166666666666667 9.166666666666666
 122 2 8.5
 124 2.166666666666667 9.166666666666666
 138 2.75 8.75
 144 2.25 8.5
 150 3.333333333333333 7.833333333333333
 153 2.75 8.5
 155 1.25 5.25
 175 8.75 1.75
 179 9 1.5
 182 9.1 2.7
 184 9 1.5
 187 6.5 5.75
 202 8.75 2.5
 220 6.333333333333333 7.75
 221 5.75 6.25
 222 6.333333333333333 7.75
 231 5 7.5
 243 6.5 6.5
 247 6 7
 250 5.833333333333333 6.333333333333333
 251 5.5 8.25
 256 6 6
 258 5.5 8.375
 259 6.166666666666667 6
 61 2 1.5
 66 1.875 1.375
 70 1.25 3.5
 76 2.5 1
 77 4.5 2
 79 2.25 0.5
 83 1.5 1
 87 0.5 3.5
 88 0.875 3.25
 101 1.25 0.75
 111 5.5 8
 115 5 7.5
 119 1.5 8
 120 2.5 8.5
 121 3 8.5
 127 0.5 5
 128 5 9
 130 3 8.5
 131 3.5 8
 136 5.5 6.5
 140 2.75 9
 142 3 8.5
 146 1.625 7.75
 148 1 5.5
 149 4.25 8.75
 152 4.75 9
 154 2 9
 156 5.5 8
 160 2 9
 161 9.25 1
 164 8.5 1.5
 168 9 3
 180 9.5 2.25
 181 8.5 2.5
 186 9.5 3
 188 9.25 1
 191 8.5 2.25
 193 8.833333333333334 3.333333333333333
 194 5.75 5
 195 6 5.5
 199 8.625 3.5
 201 8.5 3
 207 8.9 3.5
 213 8 9
 236 6 8.5
 252 6 9
 253 5.5 8.5
 254 6.5 8.5
 255 6.5 7.5
 257 6 7
 260 6 6
# name: Estimatedcoordinates2
# type: matrix
# rows: 51
# columns: 3
 61 2 1.5
 66 1.875 1.375
 70 1.25 3.5
 76 2.5 1
 77 4.5 2
 79 2.25 0.5
 83 1.5 1
 87 0.5 3.5
 88 0.875 3.25
 101 1.25 0.75
 111 5.5 8
 115 5 7.5
 119 1.5 8
 120 2.5 8.5
 121 3 8.5
 127 0.5 5
 128 5 9
 130 3 8.5
 131 3.5 8
 136 5.5 6.5
 140 2.75 9
 142 3 8.5
 146 1.625 7.75
 148 1 5.5
 149 4.25 8.75
 152 4.75 9
 154 2 9
 156 5.5 8
 160 2 9
 161 9.25 1
 164 8.5 1.5
 168 9 3
 180 9.5 2.25
 181 8.5 2.5
 186 9.5 3
 188 9.25 1
 191 8.5 2.25
 193 8.833333333333334 3.333333333333333
 194 5.75 5
 195 6 5.5
 199 8.625 3.5
 201 8.5 3
 207 8.9 3.5
 213 8 9
 236 6 8.5
 252 6 9
 253 5.5 8.5
 254 6.5 8.5
 255 6.5 7.5
 257 6 7
 260 6 6
# name: Error_2
# type: scalar
0.8510408364120877
# name: Error_total
# type: scalar
0.7669760296683394
# name: size_EstimatedCoordinates_row
# type: scalar
51
