# Created by Octave 2.9.13, Wed Oct 03 01:05:16 2007 EDT <eagblanc@dol17>
# name: Error_total
# type: scalar
1.77311492585587
# name: size_EstimatedCoordinates_row
# type: scalar
76
