# Created by Octave 2.9.13, Wed Oct 03 00:28:56 2007 EDT <eagblanc@dol17>
# name: Error_total
# type: scalar
1.951840771114458
# name: size_EstimatedCoordinates_row
# type: scalar
67
