# Created by Octave 2.9.13, Tue Oct 02 23:41:20 2007 EDT <eagblanc@dol24>
# name: Error_total
# type: scalar
1.917788508213594
# name: size_EstimatedCoordinates_row
# type: scalar
62
