# Created by Octave 2.9.13, Tue Oct 02 23:27:17 2007 EDT <eagblanc@dol24>
# name: Error_total
# type: scalar
1.715050223927781
# name: size_EstimatedCoordinates_row
# type: scalar
61
