# Created by Octave 2.9.13, Wed Oct 03 00:54:08 2007 EDT <eagblanc@dol17>
# name: Error_total
# type: scalar
1.846466235712691
# name: size_EstimatedCoordinates_row
# type: scalar
75
