# Created by Octave 2.9.13, Tue Oct 02 23:53:06 2007 EDT <eagblanc@dol24>
# name: Error_total
# type: scalar
1.747886970622403
# name: size_EstimatedCoordinates_row
# type: scalar
55
