# Created by Octave 2.9.13, Wed Oct 03 00:41:48 2007 EDT <eagblanc@dol17>
# name: Error_total
# type: scalar
1.856955975603298
# name: size_EstimatedCoordinates_row
# type: scalar
76
