# Created by Octave 2.9.13, Wed Oct 03 00:12:01 2007 EDT <eagblanc@dol17>
# name: Error_total
# type: scalar
1.989066600057814
# name: size_EstimatedCoordinates_row
# type: scalar
58
