# Created by Octave 2.9.13, Tue Oct 02 23:14:40 2007 EDT <eagblanc@dol24>
# name: Error_total
# type: scalar
2.129243720603982
# name: size_EstimatedCoordinates_row
# type: scalar
64
