# Created by Octave 2.9.13, Sun Oct 28 19:39:45 2007 EDT <eagblanc@wha183>
# name: Estimatedcoordinates
# type: matrix
# rows: 137
# columns: 3
 101 3.449999999999999 2.699999999999999
 102 1.6875 2.474999999999999
 104 3.049999999999999 3.708333333333333
 106 1.095 1.1025
 107 4.007142857142856 3.353571428571427
 108 1.35 1.89
 109 1.063636363636363 1.609090909090909
 110 1.359090909090909 3.381818181818181
 113 0.9750000000000001 1.425
 114 5.072727272727274 1.377272727272727
 115 2.125 3.574999999999999
 116 1.35 1.89
 117 3.299999999999999 1.65
 120 0.9750000000000001 4.5
 122 4.007142857142856 3.353571428571427
 123 1.2 4.199999999999999
 124 3.524999999999999 1.5
 125 1.75 2.599999999999999
 126 4.675000000000001 0.725
 127 3.299999999999999 3.224999999999999
 130 3.674999999999999 2.025
 131 2.512499999999999 0.9
 132 0.9 5.325000000000002
 133 0.9785714285714288 2.82142857142857
 134 1.733333333333333 1.466666666666667
 135 2.287499999999999 1.025
 137 1.2 2.25
 138 3.449999999999999 2.999999999999999
 140 0.7928571428571429 2.964285714285713
 141 1.625 3.174999999999999
 143 1.2 4.199999999999999
 145 3.206249999999999 3.149999999999999
 146 2.669999999999999 2.07
 147 2.749999999999999 3.899999999999999
 149 1.875 2.849999999999999
 150 2.749999999999999 3.899999999999999
 153 4.592857142857143 9.514285714285725
 155 2.454545454545453 4.574999999999999
 156 0.6656249999999999 5.025
 157 2.541176470588234 5.911764705882356
 160 0.84375 9.543750000000012
 165 2.999999999999999 9.000000000000011
 166 2.267307692307692 8.250000000000009
 167 0.5499999999999999 8.97500000000001
 168 2.625 5.278124999999999
 169 1.9 5.675000000000003
 171 2.541176470588234 5.911764705882356
 172 1.55 6.250000000000004
 174 1.59 6.900000000000006
 175 2.25 9.300000000000011
 177 1.533333333333333 6.650000000000006
 178 2.597727272727272 6.58636363636364
 179 2.25 9.300000000000011
 181 4.249999999999999 9.662500000000014
 182 3.599999999999999 9.300000000000011
 183 0.6 7.650000000000007
 186 0.85 7.300000000000007
 187 1.425 6.975000000000006
 189 1.2 8.42500000000001
 190 2.267307692307692 8.250000000000009
 191 1.815 5.670000000000003
 192 1.5 6.150000000000004
 195 4.26 9.660000000000013
 197 3.731249999999999 9.281250000000011
 199 1.309090909090909 9.354545454545466
 200 1.815 5.670000000000003
 202 5.437500000000002 0.7875
 203 8.175000000000008 1.95
 205 8.20000000000001 4.775000000000001
 206 6.450000000000005 2.549999999999999
 208 8.55000000000001 1.35
 209 6.900000000000006 2.25
 211 5.025000000000001 1.575
 212 6.003000000000004 2.408999999999999
 215 6.850000000000006 4.741666666666668
 216 9.000000000000011 1.14
 217 5.952127659574471 4.908510638297872
 218 6.825000000000006 1.566666666666666
 219 7.237500000000006 4.912500000000001
 220 5.681250000000003 0.8250000000000001
 222 4.641176470588236 2.973529411764705
 223 7.050000000000006 1.65
 224 7.725000000000008 2.175
 225 6.708333333333338 0.9750000000000002
 226 5.100000000000001 1.65
 227 4.533333333333333 2.083333333333333
 228 7.050000000000006 1.65
 229 7.050000000000005 2.753571428571428
 231 8.70000000000001 1.8
 232 7.350000000000006 4.800000000000001
 233 7.650000000000007 1.95
 234 6.555000000000007 4.95
 235 7.545000000000007 3.929999999999999
 236 6.900000000000006 4.199999999999999
 238 8.833333333333343 1.45
 239 6.792857142857149 0.8785714285714287
 240 6.900000000000006 4.199999999999999
 241 6.750000000000005 4.875000000000001
 243 7.038461538461547 3.674999999999999
 244 6.600000000000005 4.65
 245 6.309375000000005 4.396875
 246 6.850000000000006 4.741666666666668
 247 5.500000000000003 0.65
 248 8.625000000000011 1.8
 249 7.009090909090914 2.89090909090909
 251 6.675000000000005 6.750000000000005
 255 5.700000000000003 6.300000000000004
 256 7.566666666666674 7.566666666666674
 260 5.943750000000003 6.750000000000005
 263 8.602941176470601 8.885294117647069
 264 7.566666666666674 7.566666666666674
 265 6.900000000000006 6.900000000000006
 266 4.905000000000001 9.705000000000013
 267 5.943750000000003 6.750000000000005
 270 8.070000000000007 7.620000000000007
 271 8.745000000000008 6.937500000000005
 272 7.500000000000007 7.350000000000007
 274 5.700000000000003 6.600000000000005
 275 5.700000000000003 6.300000000000004
 277 7.600000000000006 7.200000000000006
 278 6.950000000000006 4.65
 279 8.175000000000008 7.200000000000006
 280 9.022500000000012 5.670000000000003
 281 6.000000000000004 6.300000000000004
 283 5.850000000000004 5.950000000000004
 284 5.950000000000004 6.700000000000006
 287 9.000000000000012 5.800000000000002
 289 7.566666666666674 7.566666666666674
 290 7.575000000000006 5.625000000000002
 291 5.292000000000004 8.79300000000001
 292 7.650000000000007 7.575000000000007
 293 8.250000000000009 5.850000000000003
 295 7.050000000000006 5.550000000000002
 297 9.000000000000012 5.800000000000002
 298 4.7015625 8.465625000000008
 299 8.85000000000001 6.600000000000005
 300 5.700000000000003 6.300000000000004
# name: Error_total
# type: scalar
0.5782828956001086
# name: size_EstimatedCoordinates_row
# type: scalar
137
