# Created by Octave 2.9.13, Mon Oct 29 01:04:08 2007 EDT <eagblanc@wha235>
# name: Estimatedcoordinates
# type: matrix
# rows: 132
# columns: 3
 101 1.445454545454546 3.245454545454544
 102 1.05 1.575
 103 3.149999999999999 4.5
 104 4.875000000000001 4.124999999999999
 106 2.999999999999999 4.575
 107 0.9 0.675
 108 1.65 4.5
 109 2.299999999999999 3.574999999999999
 113 1.275 4.149999999999999
 115 2.474999999999999 4.725000000000001
 116 3.692307692307693 0.5480769230769232
 117 1.2 1.89
 119 1.425 3.074999999999999
 120 3.366666666666665 2.766666666666666
 121 0.7342105263157896 2.321052631578947
 123 1.083333333333333 2.983333333333333
 125 2.1 2.549999999999999
 126 2.046428571428572 4.253571428571427
 127 2.918181818181817 3.845454545454544
 128 4.057894736842104 0.3631578947368421
 129 2.399999999999999 2.1
 130 5.550000000000002 2.999999999999999
 131 1.71 5.640000000000002
 133 1.05 1.875
 135 3.374999999999999 1.5
 136 2.899999999999999 2.649999999999999
 137 4.5 0.15
 139 4.387500000000001 2.279999999999999
 140 1.984615384615385 5.030769230769232
 141 1.579411764705883 2.276470588235293
 142 3.975 0.25
 143 4.35 1.725
 145 4.529999999999999 1.83
 146 4.55 2.5
 147 3.419999999999999 4.14
 148 1.5 2.699999999999999
 150 2.078571428571428 5.057142857142858
 154 4.950000000000001 6.337500000000005
 156 3.468749999999999 6.918750000000006
 160 4.781250000000001 7.256250000000007
 161 0.9 4.950000000000001
 162 2.1 5.437500000000002
 164 2.399999999999999 7.800000000000008
 165 1.53 8.145000000000008
 166 1.575 9.225000000000012
 167 0.75 4.575
 168 4.060714285714285 6.503571428571433
 169 1.5 9.600000000000014
 172 4.541666666666666 5.775000000000002
 173 3.674999999999999 7.575000000000006
 174 1.017857142857143 5.128571428571431
 177 1.575 9.300000000000011
 178 4.950000000000001 5.850000000000003
 179 1.5 8.500000000000009
 180 2.399999999999999 6.675000000000005
 182 1.5 9.750000000000012
 183 3.204545454545453 7.036363636363642
 184 3.149999999999999 7.800000000000008
 186 0.8400000000000001 5.760000000000002
 187 2.226923076923077 7.511538461538469
 189 2.573684210526314 9.094736842105272
 190 3.952941176470588 6.600000000000004
 191 2.724999999999999 4.975000000000001
 193 4.049999999999999 6.750000000000005
 194 1.38 9.540000000000012
 195 4.199999999999999 7.500000000000007
 196 1.5 9.525000000000013
 198 3.449999999999999 6.750000000000005
 199 0.9375 5.887500000000004
 202 7.200000000000006 2.549999999999999
 203 8.85000000000001 0.9
 204 5.700000000000003 1.2
 206 6.264705882352945 3.361764705882352
 207 8.983333333333345 2.166666666666667
 208 5.850000000000003 4.425
 209 6.342857142857148 2.957142857142856
 214 7.050000000000006 1.05
 215 5.550000000000002 1.5
 216 7.179850746268667 4.927611940298508
 217 5.766666666666669 4.533333333333333
 218 7.350000000000007 2.25
 219 5.700000000000003 2.25
 221 9.450000000000012 2.01
 222 5.250000000000002 2.699999999999999
 223 8.03333333333334 2.025
 224 5.850000000000003 1.95
 226 7.850000000000008 2.749999999999999
 228 5.700000000000003 1.2
 229 7.537500000000007 2.362499999999999
 231 6.150000000000004 3.449999999999999
 232 6.375000000000004 2.774999999999999
 233 7.275000000000007 1.5
 234 9.487500000000011 1.95
 235 5.550000000000002 4.5
 236 7.325000000000007 3.099999999999999
 237 7.594444444444453 2.672222222222221
 238 5.550000000000002 4.800000000000001
 239 8.274000000000008 1.842
 240 6.960000000000008 2.999999999999999
 241 9.50192307692309 2.642307692307691
 243 8.057142857142869 4.974107142857143
 244 5.858333333333336 1.391666666666667
 245 8.883333333333345 0.5833333333333334
 246 6.150000000000004 1.95
 248 8.983333333333345 2.166666666666667
 249 7.550000000000007 0.6666666666666665
 250 7.350000000000007 2.699999999999999
 257 6.883333333333338 8.200000000000008
 260 8.025000000000009 7.575000000000006
 261 6.278571428571433 5.635714285714288
 263 9.075000000000012 7.800000000000008
 270 8.400000000000009 8.55000000000001
 271 7.296428571428578 6.739285714285719
 272 8.250000000000009 8.85000000000001
 273 9.375000000000011 8.325000000000008
 274 9.580000000000011 6.930000000000005
 275 7.890000000000009 9.720000000000011
 276 7.275000000000007 8.450000000000008
 277 4.800000000000001 5.850000000000003
 278 6.037500000000005 8.175000000000008
 280 6.270000000000006 5.510000000000002
 281 9.525000000000013 7.950000000000008
 283 8.150000000000007 8.100000000000009
 284 8.100000000000009 6.975000000000006
 286 4.883333333333334 6.433333333333338
 288 7.440000000000007 7.980000000000008
 289 6.660000000000005 8.880000000000011
 292 5.645454545454549 8.127272727272736
 293 8.55000000000001 8.475000000000009
 294 8.100000000000009 8.55000000000001
 295 6.900000000000006 6.450000000000005
 300 5.142452830188681 6.990566037735856
# name: Error_total
# type: scalar
0.606329312845193
# name: size_EstimatedCoordinates_row
# type: scalar
132
