# Created by Octave 2.9.13, Sun Oct 28 16:39:12 2007 EDT <eagblanc@wha209>
# name: Estimatedcoordinates
# type: matrix
# rows: 132
# columns: 3
 102 3.674999999999999 3.799999999999999
 103 4.049999999999999 4.274999999999999
 105 2.735714285714285 2.835714285714284
 108 3.009999999999999 3.529999999999999
 109 1.957142857142857 2.985714285714285
 110 0.6 4.5
 111 1.936363636363637 1.254545454545455
 112 4.099999999999999 4.199999999999999
 116 5.400000000000002 4.199999999999999
 118 4.5 2.175
 119 1.8 2.175
 120 4.443442622950821 1.738524590163934
 122 1.75 2.399999999999999
 124 0.4500000000000001 3.674999999999999
 125 5.100000000000001 4.35
 126 4.662500000000001 2.625
 128 1.675 2.949999999999999
 130 4.65 2.399999999999999
 132 0.45 5.025000000000001
 133 0.675 3.674999999999999
 134 3.899999999999999 4.199999999999999
 135 4.65 2.399999999999999
 136 4.065 3.585
 138 3.449999999999999 3.399999999999999
 139 0.9 2.025
 140 4.443442622950821 1.738524590163934
 141 0.4500000000000001 3.674999999999999
 142 0.9500000000000001 2.849999999999999
 145 3.899999999999999 4.725000000000001
 146 4.457142857142856 4.607142857142857
 149 0.8400000000000001 1.11
 150 4.009090909090908 2.522727272727272
 151 2.399999999999999 8.100000000000009
 152 2.1 8.32500000000001
 153 1.65 9.600000000000012
 155 4.414285714285714 4.607142857142857
 156 3.655263157894736 7.081578947368428
 157 4.434782608695652 8.380434782608706
 158 0.85 5.425000000000002
 159 4.830000000000001 7.500000000000005
 160 2.849999999999999 7.350000000000007
 161 1.725 6.675000000000005
 162 3.649999999999999 8.30000000000001
 163 4.041176470588234 7.976470588235302
 166 2.399999999999999 8.61000000000001
 167 2.19 7.620000000000007
 169 4.600000000000001 8.80000000000001
 170 4.5 5.100000000000001
 172 1.35 7.050000000000006
 174 2.374999999999999 9.500000000000011
 175 2.161764705882352 6.555882352941182
 176 4.950000000000001 7.950000000000008
 178 3.974999999999999 6.300000000000004
 179 2.799999999999999 8.200000000000008
 180 4.309090909090909 9.027272727272738
 181 4.686206896551723 5.927586206896557
 182 5.700000000000003 9.450000000000012
 184 2.774999999999999 8.025000000000009
 186 0.3 6.000000000000004
 187 1.216666666666667 6.800000000000006
 189 0.9 5.640000000000002
 190 2.324999999999999 8.55000000000001
 191 5.280000000000002 5.910000000000004
 192 0.75 6.000000000000004
 193 1.5 6.450000000000005
 195 0.7312500000000001 6.000000000000004
 196 4.600000000000001 8.80000000000001
 199 1.585714285714286 6.98571428571429
 200 3.412499999999999 6.600000000000005
 201 7.200000000000006 1.875
 204 8.525000000000011 0.9125000000000001
 205 5.461111111111113 2.649999999999999
 207 6.685714285714291 1.628571428571429
 208 7.200000000000006 2.349999999999999
 209 8.475000000000009 4.199999999999999
 210 6.900000000000006 2.25
 212 9.150000000000011 1.95
 214 7.650000000000007 2.1
 216 8.314285714285722 1.264285714285714
 217 8.70000000000001 2.699999999999999
 218 5.61666666666667 3.833333333333333
 219 6.525000000000005 2.25
 222 7.071428571428577 1.992857142857143
 223 8.70000000000001 2.25
 225 7.875000000000007 0.8999999999999999
 226 5.234210526315789 1.353947368421053
 227 7.650000000000007 2.25
 228 6.900000000000006 3.074999999999999
 229 5.400000000000002 4.65
 230 8.442857142857154 0.6857142857142857
 231 7.100000000000006 2.15
 236 9.000000000000011 2.737499999999999
 237 7.458000000000006 4.764000000000001
 238 6.600000000000004 2.271428571428571
 239 6.240000000000004 2.729999999999999
 240 7.738636363636371 1.970454545454545
 241 8.314285714285722 1.264285714285714
 242 5.700000000000002 5.05909090909091
 243 4.5 4.800000000000001
 244 7.275000000000007 2.175
 245 7.806000000000011 3.017999999999998
 246 7.683333333333341 0.2666666666666667
 248 8.88750000000001 1.0125
 249 8.314285714285722 1.264285714285714
 250 6.450000000000005 0.75
 254 6.100000000000005 9.125000000000011
 255 5.250000000000002 5.325000000000002
 261 6.300000000000004 8.100000000000009
 262 6.060000000000004 9.015000000000011
 263 8.483333333333343 5.383333333333336
 264 9.300000000000011 7.800000000000008
 268 7.050000000000007 8.38548387096775
 270 7.200000000000006 9.300000000000011
 271 8.962500000000013 6.825000000000005
 272 9.300000000000011 7.800000000000008
 273 8.466666666666676 6.108333333333338
 276 9.300000000000011 7.800000000000008
 279 8.269354838709686 9.401612903225818
 280 6.225000000000004 9.600000000000012
 281 9.300000000000011 7.800000000000008
 282 8.460000000000012 6.570000000000005
 283 5.100000000000001 5.250000000000002
 287 8.950000000000012 8.125000000000009
 289 6.703125000000006 8.053125000000007
 290 6.060000000000005 4.8
 292 6.300000000000004 8.100000000000009
 293 6.150000000000004 9.450000000000012
 295 8.933333333333344 7.483333333333339
 296 6.250000000000004 5.950000000000004
 298 9.000000000000011 6.450000000000005
 299 5.222727272727274 6.886363636363641
 300 5.850000000000003 9.000000000000011
# name: Error_total
# type: scalar
0.6892479169957765
# name: size_EstimatedCoordinates_row
# type: scalar
132
