# Created by Octave 2.9.13, Sat Oct 27 23:41:04 2007 EDT <eagblanc@dol31>
# name: Estimatedcoordinates
# type: matrix
# rows: 132
# columns: 3
 103 1.125 2.324999999999999
 104 4.5375 3.187499999999999
 106 2.299999999999999 1.59
 107 4.199999999999999 4.425
 108 1.425 2.924999999999999
 109 3.449999999999999 2.1
 110 3.749999999999999 3.899999999999999
 112 3.811764705882352 4.782352941176471
 114 3.099999999999998 3.07142857142857
 115 4.124999999999999 3.149999999999999
 116 3.899999999999999 3.299999999999999
 117 2.25 1.95
 118 1.65 2.699999999999999
 119 0.9375 3.374999999999999
 120 4.800000000000001 4.35
 121 1.14 2.849999999999999
 122 2.306249999999999 1.659375
 123 0.4125 3.112499999999999
 125 3.849999999999999 3.149999999999999
 126 3.829411764705881 4.641176470588236
 128 0.6 2.025
 129 4.307142857142857 1.114285714285714
 130 3.069230769230768 2.676923076923075
 132 0.6 2.025
 133 4.040624999999999 4.537500000000001
 134 2.943749999999999 0.75
 135 2.549999999999999 0.825
 136 3.824999999999999 3.224999999999999
 137 2.749999999999999 2.449999999999999
 138 1.457142857142857 3.385714285714285
 139 1.2 0.45
 140 3.449999999999999 2.1
 141 4.199999999999999 1.35
 142 2.699999999999999 1.35
 143 2.999999999999999 4.470000000000001
 144 0.45 3.412499999999999
 145 1.02 2.339999999999999
 146 0.9 2.324999999999999
 147 2.474999999999999 1.65
 148 0.5549999999999999 3.119999999999999
 149 2.875 5.050000000000002
 150 4.049999999999998 4.274999999999999
 151 4.950000000000001 8.70000000000001
 152 3.049999999999999 9.650000000000013
 155 3.124999999999999 8.900000000000011
 156 3.674999999999999 9.550000000000011
 157 3.149999999999999 8.715000000000009
 158 2.999999999999999 9.825000000000014
 159 3.149999999999999 8.55000000000001
 160 3.562499999999999 5.187500000000001
 161 2.5 6.400000000000005
 162 2.207142857142856 6.135714285714291
 164 4.762500000000001 6.337500000000005
 166 0.835714285714286 7.107142857142863
 169 4.757142857142858 7.435714285714293
 170 3.562499999999999 5.187500000000001
 173 3.959999999999999 4.489999999999999
 180 3.149999999999999 8.325000000000008
 188 3.749999999999999 8.250000000000009
 191 3.049999999999999 9.650000000000013
 193 2.152941176470588 6.467647058823535
 195 2.422499999999999 7.260000000000007
 196 4.237499999999999 4.387499999999999
 198 3.567857142857142 7.864285714285723
 199 3.657000000000001 5.037000000000001
 201 4.274999999999999 3.824999999999999
 202 8.285294117647068 4.755882352941178
 203 7.575000000000006 3.749999999999999
 204 5.483333333333336 4.950000000000001
 209 6.025000000000003 2.374999999999999
 214 4.65 3.149999999999999
 216 6.112500000000004 3.787499999999999
 220 4.950000000000001 2.1
 222 6.150000000000004 1.5
 224 8.485714285714295 4.928571428571431
 225 9.150000000000011 4.900000000000001
 228 6.139655172413797 3.589655172413791
 230 5.970000000000003 2.639999999999999
 231 6.600000000000005 1.35
 234 7.200000000000006 1.5
 235 9.150000000000011 4.900000000000001
 238 6.525000000000006 3.862499999999999
 239 6.150000000000004 1.05
 240 6.850000000000006 3.549999999999999
 241 8.330000000000007 4.780000000000001
 242 7.100000000000006 1.85
 243 7.425000000000007 5.025000000000001
 244 7.609090909090916 4.24090909090909
 245 5.430000000000002 2.28
 246 7.050000000000006 1.5
 247 5.175000000000002 2.849999999999999
 248 6.900000000000006 0.775
 249 8.100000000000009 2.549999999999999
 250 6.900000000000006 0.775
 251 8.325000000000008 9.375000000000011
 252 6.664285714285719 8.271428571428581
 253 8.681250000000009 7.912500000000009
 254 7.700000000000007 6.850000000000006
 255 8.33437500000001 6.698437500000005
 256 6.79615384615385 9.10769230769232
 257 4.453846153846154 6.080769230769234
 258 8.13000000000001 6.280000000000005
 260 8.250000000000009 9.300000000000011
 261 5.860000000000002 9.180000000000012
 262 8.400000000000009 8.55000000000001
 263 6.753333333333338 7.593333333333342
 264 7.635000000000007 6.255000000000004
 266 6.554545454545458 9.104545454545466
 267 7.425000000000007 5.100000000000001
 268 5.550000000000002 5.025000000000001
 271 9.10714285714287 8.635714285714295
 274 8.347500000000009 9.000000000000012
 276 8.32500000000001 8.55000000000001
 277 8.33437500000001 6.698437500000005
 278 8.400000000000011 9.450000000000012
 279 5.384482758620692 9.025862068965528
 280 8.146153846153856 6.600000000000005
 281 7.116279069767448 7.506976744186056
 282 5.718750000000003 7.631250000000008
 285 7.350000000000007 5.775000000000003
 286 8.325000000000008 9.375000000000011
 287 5.325000000000003 7.575000000000007
 288 4.757142857142859 7.435714285714293
 289 7.200000000000006 5.475000000000001
 290 7.392857142857149 8.367857142857153
 292 7.500000000000007 6.000000000000004
 294 8.55000000000001 9.000000000000011
 296 5.700000000000003 5.025000000000001
 297 8.94375000000001 7.321875000000007
 298 4.5 6.185294117647063
 299 5.625000000000002 9.225000000000012
 300 6.487500000000004 6.037500000000004
# name: Error_total
# type: scalar
0.6676647276513862
# name: size_EstimatedCoordinates_row
# type: scalar
132
