# Created by Octave 2.9.13, Sun Oct 28 18:05:56 2007 EDT <eagblanc@wha209>
# name: Estimatedcoordinates_tot
# type: matrix
# rows: 172
# columns: 3
 103 4.199999999999999 4.5
 105 2.15 4.550000000000001
 107 4.199999999999999 4.35
 112 1.425 2.399999999999999
 114 3.299999999999999 2.25
 115 2.428124999999998 3.074999999999999
 116 3.174999999999999 2.0125
 117 2.699999999999999 4.65
 118 5.306250000000002 3.168749999999998
 119 3.849999999999999 4.5
 121 4.710000000000001 2.819999999999999
 122 1.848214285714286 3.396428571428571
 124 1 4.73125
 126 3.449999999999999 3.899999999999999
 127 3.449999999999999 4.5
 129 4.950000000000001 3.749999999999999
 131 3.299999999999999 4.399999999999999
 132 1 4.73125
 137 4.35 3.449999999999999
 138 0.9749999999999999 2.990624999999998
 140 1.925 1.65
 142 4.324999999999999 2.924999999999999
 144 3.581249999999999 2.2125
 146 4.950000000000001 3.749999999999999
 147 3.449999999999999 3.899999999999999
 148 4.65 3.299999999999999
 150 3.449999999999999 3.899999999999999
 151 3.31153846153846 7.5173076923077
 153 1.05 8.175000000000008
 155 0.5700000000000001 7.260000000000007
 156 1.005 5.610000000000003
 158 2.324999999999999 6.525000000000005
 161 1.752857142857143 6.83571428571429
 162 1.083333333333333 5.550000000000002
 163 5.100000000000001 8.55000000000001
 167 3.499999999999999 5.600000000000001
 168 4.319999999999999 7.470000000000008
 170 1.752857142857143 6.83571428571429
 171 5.175000000000002 6.150000000000004
 174 1.2 7.11428571428572
 175 0.63 7.620000000000007
 176 3.749999999999999 8.185714285714294
 178 3.974999999999999 6.150000000000004
 179 4.199999999999999 6.900000000000006
 180 3.399999999999999 6.050000000000004
 182 1.2 7.11428571428572
 183 3.599999999999999 7.050000000000006
 184 1.7375 8.612500000000011
 185 3.785714285714284 6.278571428571432
 186 0.8400000000000001 4.92
 187 0.5700000000000001 7.260000000000007
 189 2.962499999999999 6.487500000000004
 191 1.03235294117647 6.123529411764711
 193 5.100000000000001 5.400000000000002
 195 1.714772727272727 6.865909090909097
 196 5.412500000000001 8.658333333333342
 197 0.5923728813559321 5.290677966101694
 198 3.479999999999999 5.760000000000003
 199 1.2 7.11428571428572
 200 0.5700000000000001 7.260000000000007
 201 5.592857142857144 2.442857142857142
 203 4.553571428571429 2.153571428571429
 204 6.225000000000009 1.7625
 205 6.600000000000005 5.100000000000001
 206 7.100000000000006 2.05
 207 8.121428571428579 1.864285714285714
 209 5.610000000000002 5.370000000000002
 210 7.125000000000006 2.849999999999999
 211 8.968421052631589 3.623684210526314
 212 6.245121951219518 1.609756097560976
 214 8.587500000000009 3.899999999999999
 215 7.500000000000007 4.725000000000001
 216 7.650000000000007 1.2
 217 7.500000000000007 3.074999999999999
 218 6.075000000000005 3.899999999999999
 219 6.540000000000004 4.92
 220 7.650000000000007 3.262499999999999
 221 7.350000000000007 4.575
 222 6.176086956521743 1.858695652173913
 224 5.700000000000003 3.149999999999999
 225 6.323437500000007 1.8421875
 226 7.860000000000008 3.899999999999999
 227 8.85000000000001 4.800000000000001
 228 5.700000000000003 3.149999999999999
 231 7.450000000000007 0.5571428571428572
 232 7.100000000000006 2.05
 233 6.600000000000005 3.224999999999999
 235 6.700000000000006 1.8
 239 8.850000000000009 3.974999999999999
 240 6.075000000000005 3.824999999999999
 241 7.500000000000006 3.62142857142857
 242 7.990000000000009 1.19
 247 9.05000000000001 3.139999999999999
 250 8.70000000000001 3.374999999999999
 251 6.700000000000006 6.100000000000004
 252 8.003225806451621 8.748387096774204
 254 6.750000000000005 6.150000000000004
 255 7.778571428571436 7.607142857142864
 256 7.950000000000008 6.150000000000004
 257 6.900000000000006 6.150000000000004
 258 8.150000000000007 5.200000000000002
 259 6.150000000000004 7.650000000000007
 260 8.70000000000001 7.125000000000006
 261 6.700000000000006 6.100000000000004
 262 7.125000000000007 7.800000000000008
 263 8.400000000000009 4.725000000000001
 264 8.55000000000001 6.637500000000005
 265 5.175000000000002 5.775000000000003
 266 5.614285714285718 9.042857142857155
 270 6.150000000000004 8.70000000000001
 272 6.525000000000005 7.650000000000007
 274 5.100000000000001 4.800000000000001
 275 6.300000000000004 9.075000000000012
 276 6.900000000000006 6.150000000000004
 277 8.100000000000009 6.150000000000004
 278 5.850000000000003 5.475000000000001
 280 7.312500000000007 7.818750000000007
 285 8.100000000000009 5.250000000000002
 288 5.550000000000002 6.750000000000005
 289 8.507142857142867 6.900000000000006
 290 6.600000000000004 4.950000000000001
 292 7.650000000000007 7.620000000000007
 294 7.575000000000006 7.500000000000007
 295 6.150000000000004 7.800000000000008
 296 7.425000000000007 7.500000000000007
 298 8.32500000000001 7.500000000000007
 299 5.100000000000001 6.900000000000006
 300 5.700000000000003 6.900000000000006
 101 1.275 3.524999999999999
 104 1.11 3.989999999999999
 108 1.5625 2.362499999999999
 110 1.897058823529412 1.032352941176471
 111 0.9 5.100000000000001
 120 1.65 1.2
 123 2.25 2.549999999999999
 125 0.8769230769230768 3.08076923076923
 130 3.412499999999999 1.575
 134 0.9 5.100000000000001
 139 0.35 4.199999999999999
 141 5.025000000000001 1.2
 145 0.4125 4.425
 149 0.9750000000000001 1.875
 152 1.95 5.100000000000001
 154 3.054545454545453 8.331818181818191
 164 0.9 8.175000000000008
 169 4.800000000000001 8.100000000000009
 172 2.774999999999999 8.100000000000009
 177 5.400000000000002 8.70000000000001
 181 1.75 8.750000000000012
 188 0.9 6.300000000000004
 190 1.275 6.825000000000006
 194 2.549999999999999 6.300000000000004
 202 7.950000000000008 0.9
 213 6.937500000000005 0.65625
 229 6.150000000000004 1.5
 230 7.740000000000007 0.96
 236 5.550000000000002 2.25
 237 8.250000000000009 2.25
 238 5.750000000000004 0.7000000000000001
 243 9.525000000000013 4.124999999999999
 244 8.70000000000001 1.95
 248 7.316666666666674 0.4833333333333334
 249 8.250000000000009 1.95
 268 7.875000000000008 8.32500000000001
 269 8.32500000000001 6.900000000000006
 271 8.85000000000001 6.900000000000006
 279 9.030000000000012 5.130000000000001
 281 8.55000000000001 6.000000000000004
 282 6.150000000000004 9.000000000000011
 286 7.500000000000006 8.616666666666676
 287 8.55000000000001 4.950000000000001
 297 8.70000000000001 6.150000000000004
# name: Estimatedcoordinates2
# type: matrix
# rows: 44
# columns: 3
 101 1.275 3.524999999999999
 104 1.11 3.989999999999999
 108 1.5625 2.362499999999999
 110 1.897058823529412 1.032352941176471
 111 0.9 5.100000000000001
 120 1.65 1.2
 123 2.25 2.549999999999999
 125 0.8769230769230768 3.08076923076923
 130 3.412499999999999 1.575
 134 0.9 5.100000000000001
 139 0.35 4.199999999999999
 141 5.025000000000001 1.2
 145 0.4125 4.425
 149 0.9750000000000001 1.875
 152 1.95 5.100000000000001
 154 3.054545454545453 8.331818181818191
 164 0.9 8.175000000000008
 169 4.800000000000001 8.100000000000009
 172 2.774999999999999 8.100000000000009
 177 5.400000000000002 8.70000000000001
 181 1.75 8.750000000000012
 188 0.9 6.300000000000004
 190 1.275 6.825000000000006
 194 2.549999999999999 6.300000000000004
 202 7.950000000000008 0.9
 213 6.937500000000005 0.65625
 229 6.150000000000004 1.5
 230 7.740000000000007 0.96
 236 5.550000000000002 2.25
 237 8.250000000000009 2.25
 238 5.750000000000004 0.7000000000000001
 243 9.525000000000013 4.124999999999999
 244 8.70000000000001 1.95
 248 7.316666666666674 0.4833333333333334
 249 8.250000000000009 1.95
 268 7.875000000000008 8.32500000000001
 269 8.32500000000001 6.900000000000006
 271 8.85000000000001 6.900000000000006
 279 9.030000000000012 5.130000000000001
 281 8.55000000000001 6.000000000000004
 282 6.150000000000004 9.000000000000011
 286 7.500000000000006 8.616666666666676
 287 8.55000000000001 4.950000000000001
 297 8.70000000000001 6.150000000000004
# name: Error_2
# type: scalar
0.655655647893801
