# Created by Octave 2.9.13, Sun Oct 28 21:04:44 2007 EDT <eagblanc@wha209>
# name: Estimatedcoordinates_tot
# type: matrix
# rows: 188
# columns: 3
 102 1.1 0.5499999999999999
 103 2.849999999999999 5.175000000000002
 105 2.48181818181818 3.109090909090908
 107 4.800000000000001 2.1
 108 2.374999999999999 0.6749999999999999
 109 4.124999999999999 0.75
 110 4.4625 0.9187500000000001
 112 4.325 2.649999999999999
 113 4.80909090909091 0.3909090909090909
 115 4.470967741935483 0.5129032258064516
 116 2.609999999999999 1.8525
 117 2.399999999999999 1.4625
 118 4.470967741935483 0.5129032258064516
 120 4.049999999999999 2.1
 121 0.675 1.35
 125 4.214634146341463 3.954878048780489
 126 1.125 1.35
 128 0.8699999999999999 1.08
 129 4.950000000000001 2.999999999999999
 130 3.149999999999999 4.35
 131 2.324999999999999 3.449999999999999
 132 5.550000000000002 2.849999999999999
 133 3.749999999999999 0.6
 135 4.124999999999999 1.85
 138 2.669999999999999 3.689999999999999
 139 4.325 2.649999999999999
 141 1.492307692307692 0.5884615384615386
 144 4.3 3.799999999999999
 145 4.971428571428573 2.892857142857142
 147 2.324999999999999 1.425
 149 2.833333333333333 1.266666666666667
 150 4.65 1.95
 151 3.158823529411763 5.126470588235295
 152 4.898360655737703 5.879508196721314
 153 0.9937499999999999 8.250000000000009
 154 3.524999999999999 8.175000000000008
 156 2.649999999999999 7.766666666666675
 157 0.4857142857142856 5.414285714285715
 158 0.7250000000000001 7.750000000000007
 161 2.742857142857142 9.085714285714296
 163 4.049999999999999 8.55000000000001
 164 4.136842105263158 6.513157894736846
 167 0.45 7.950000000000008
 168 0.45 7.575000000000006
 169 3.449999999999999 6.450000000000005
 170 0.9 6.150000000000004
 172 4.5 9.000000000000011
 173 2.849999999999999 6.780000000000006
 174 3.112499999999999 8.175000000000008
 175 2.657999999999999 7.878000000000007
 177 0.5499999999999999 5.400000000000003
 182 1.425 7.575000000000006
 183 4.009090909090908 8.209090909090918
 184 2.936842105263157 9.197368421052641
 185 3.599999999999999 6.000000000000004
 186 1.075 7.225000000000008
 188 2.924999999999998 6.637500000000005
 190 3.264705882352938 6.308823529411768
 191 0.7999999999999999 8.60000000000001
 194 0.5499999999999999 8.45000000000001
 195 0.5499999999999999 5.400000000000003
 197 1.47 7.470000000000008
 198 0.45 7.650000000000007
 200 3.299999999999999 6.600000000000005
 201 5.843181818181821 0.4431818181818182
 203 6.037500000000003 4.505357142857143
 204 7.500000000000007 1.95
 205 9.000000000000011 2.08125
 207 7.800000000000008 5.156250000000001
 208 8.32500000000001 1.8
 209 8.100000000000009 1.35
 210 6.037500000000003 4.505357142857143
 211 5.250000000000002 2.25
 212 5.843181818181821 0.4431818181818182
 213 9.262500000000012 5.193750000000001
 215 5.550000000000003 1.489285714285714
 217 7.500000000000007 2.549999999999999
 218 8.312727272727283 2.986363636363636
 219 8.025000000000009 1.8
 221 7.200000000000006 4.950000000000001
 222 5.210869565217393 2.758695652173911
 223 4.907142857142858 2.807142857142856
 224 6.203571428571434 3.514285714285713
 225 7.716666666666675 3.933333333333332
 226 7.500000000000007 5.100000000000001
 227 8.427272727272737 3.081818181818181
 228 7.950000000000009 5.625000000000003
 229 7.650000000000007 3.75
 230 5.835365853658541 4.434146341463414
 231 5.982857142857148 0.6728571428571428
 232 8.966666666666677 2.183333333333333
 233 5.192857142857144 2.757142857142855
 234 7.050000000000006 1.05
 236 6.056250000000005 3.75625
 237 6.037500000000003 4.505357142857143
 238 6.225000000000004 1.375
 239 7.500000000000007 2.549999999999999
 240 7.050000000000006 1.05
 241 7.500000000000007 2.1
 242 5.15357142857143 3.428571428571427
 243 8.737500000000011 2.2875
 244 7.020000000000006 1.38
 245 6.487500000000005 1.5375
 246 7.350000000000007 1.5
 247 8.100000000000009 2.025
 248 8.391428571428584 1.885714285714285
 252 9.000000000000011 6.450000000000005
 254 8.47500000000001 5.625000000000002
 255 8.100000000000009 6.000000000000004
 257 8.67500000000001 8.57500000000001
 258 8.70000000000001 6.150000000000004
 259 4.875000000000001 8.55000000000001
 260 9.51000000000001 7.275000000000006
 261 8.137500000000008 6.037500000000005
 262 9.262500000000012 5.193750000000001
 263 8.88750000000001 8.51250000000001
 264 5.694117647058825 7.69705882352942
 265 8.400000000000009 8.566666666666675
 266 8.650000000000011 5.150000000000001
 269 8.43000000000001 8.175000000000008
 271 7.47567567567568 8.882432432432443
 272 9.090000000000011 8.325000000000006
 273 5.892452830188682 8.445283018867936
 274 8.400000000000009 5.700000000000003
 275 7.725000000000008 9.375000000000011
 276 9.375000000000011 6.975000000000006
 279 9.112500000000011 7.725000000000007
 281 6.000000000000004 8.85000000000001
 282 8.37000000000001 6.780000000000006
 283 8.85000000000001 7.500000000000007
 286 8.03333333333334 9.483333333333345
 287 8.70000000000001 6.150000000000004
 288 9.51000000000001 7.275000000000006
 289 8.70000000000001 8.625000000000009
 290 4.875000000000001 8.55000000000001
 291 5.882812500000004 8.967187500000009
 294 9.375000000000011 6.975000000000006
 295 9.133333333333345 5.200000000000001
 101 4.5 4.35
 104 2.699999999999999 0.3
 111 4.5 4.199999999999999
 136 4.5 4.800000000000001
 137 0.55 4.900000000000001
 140 2.836363636363636 2.904545454545453
 142 0.45 5.600000000000001
 143 0.6 5.700000000000003
 146 4.5 4.199999999999999
 155 3.149999999999999 6.150000000000003
 159 5.142857142857145 5.571428571428574
 160 1.95 7.950000000000008
 162 4.600000000000001 5.400000000000001
 165 0.45 8.32500000000001
 166 3.637499999999999 9.393750000000011
 171 0.7999999999999999 9.22500000000001
 176 4.7 9.150000000000011
 178 4.900000000000001 4.900000000000001
 179 0.75 6.300000000000004
 180 2.399999999999999 9.000000000000011
 181 3.566666666666666 9.383333333333345
 187 3.749999999999999 6.300000000000004
 189 5.475000000000001 7.650000000000007
 192 2.25 6.300000000000004
 193 2.999999999999999 8.70000000000001
 196 3.149999999999999 8.775000000000009
 199 2.25 7.350000000000007
 202 4.56 4.56
 214 7.200000000000006 2.699999999999999
 216 9.150000000000011 4.049999999999999
 220 8.250000000000009 4.800000000000001
 235 4.56 4.470000000000001
 249 9.600000000000012 5.100000000000001
 250 9.300000000000011 4.274999999999999
 251 7.500000000000007 8.400000000000009
 253 4.939285714285716 5.700000000000003
 267 7.350000000000007 8.85000000000001
 268 9.150000000000011 8.910000000000009
 270 4.950000000000001 8.55000000000001
 278 6.975000000000006 9.150000000000011
 280 6.975000000000006 9.150000000000011
 284 6.300000000000004 5.200000000000002
 285 8.85000000000001 9.400000000000013
 292 4.800000000000001 7.500000000000007
 293 5.935714285714289 6.642857142857149
 296 5.140909090909092 6.040909090909095
 297 8.47500000000001 8.400000000000009
 298 5.970000000000003 4.950000000000001
 299 5.350000000000002 8.066666666666675
 300 7.425000000000007 9.300000000000011
