# Created by Octave 2.9.13, Mon Oct 29 11:30:18 2007 EDT <eagblanc@wha603>
# name: Estimatedcoordinates_tot
# type: matrix
# rows: 181
# columns: 3
 101 0.325 4.024999999999999
 103 0.3 3.599999999999999
 104 2.127272727272727 3.109090909090908
 105 5.250000000000002 3.524999999999999
 107 3.514285714285713 0.8785714285714287
 109 1.65 3.524999999999999
 110 3.449999999999999 1.8
 112 1.5 5.325000000000002
 114 0.4 3.799999999999999
 115 0.3 3.599999999999999
 118 4.425000000000001 2.174999999999999
 119 2.924999999999999 0.9
 120 0.325 4.024999999999999
 121 2.909999999999999 2.669999999999999
 122 0.325 4.024999999999999
 124 0.325 4.024999999999999
 125 3.149999999999999 1.8
 126 4.35 1.2
 127 2.999999999999999 4.368749999999999
 128 4.635000000000001 4.334999999999999
 129 4.65 2.1
 130 4.65 2.999999999999999
 131 1.8375 1.575
 132 1.95 4.049999999999999
 133 4.633333333333334 1.266666666666667
 134 1.271739130434782 4.447826086956522
 136 4.181999999999999 3.473999999999999
 138 2.999999999999999 3.149999999999999
 140 2.399999999999999 2.175
 141 2.474999999999999 0.675
 142 2.949999999999999 2.05
 144 1.65 2.1
 146 0.675 4.725000000000001
 147 3.374999999999999 4.5
 148 3.899999999999999 1.875
 149 4.373437500000001 4.162500000000001
 150 4.800000000000001 1.65
 151 3.389999999999999 6.240000000000005
 152 1.786956521739131 6.352173913043481
 155 4.772727272727273 5.454545454545457
 156 3.899999999999999 7.568181818181824
 157 0.45 6.150000000000003
 158 1 5.215000000000002
 159 3.674999999999999 9.07500000000001
 160 3.674999999999999 7.350000000000007
 162 3.674999999999999 9.07500000000001
 164 0.675 8.925000000000011
 167 3.324999999999999 5.975000000000004
 168 3.074999999999999 5.400000000000002
 169 3.674999999999999 9.07500000000001
 170 3.937499999999999 7.575000000000007
 171 5.625000000000002 8.100000000000009
 173 4.665000000000001 8.602500000000012
 175 0.675 8.925000000000011
 176 3.854999999999999 6.960000000000005
 177 5.100000000000001 9.150000000000009
 178 3.669999999999999 7.870000000000007
 179 1.8 7.830000000000008
 180 0.675 8.925000000000011
 184 3.187499999999999 9.412500000000012
 185 3.436363636363636 4.90909090909091
 187 1.2 8.100000000000009
 189 1.65 5.100000000000001
 191 1.95 5.250000000000002
 193 3.599999999999999 9.150000000000011
 194 3.756818181818182 7.963636363636372
 196 2.649999999999999 8.400000000000009
 199 3.449999999999999 8.025000000000009
 200 2.624999999999999 7.650000000000007
 201 7.980000000000009 0.5800000000000001
 202 8.85000000000001 4.199999999999999
 203 8.195192307692315 2.492307692307691
 205 8.400000000000011 4.5
 206 9.07500000000001 4.575
 208 7.920000000000009 2.31
 210 7.930000000000008 2.669999999999999
 212 7.950000000000008 2.699999999999999
 213 8.65312500000001 4.814062499999999
 214 7.808823529411773 2.205882352941176
 216 9.025000000000009 5.000000000000001
 217 7.950000000000008 3.599999999999999
 218 5.865000000000004 4.395
 220 4.800000000000001 2.25
 221 9.000000000000011 3.299999999999999
 223 9.450000000000012 4.800000000000001
 224 8.30000000000001 3.9
 233 7.950000000000007 2.399999999999999
 234 5.250000000000002 1.8
 235 8.775000000000009 4.65
 239 8.775000000000009 4.65
 240 8.250000000000009 1.725
 241 4.35 2.25
 242 5.400000000000002 2.624999999999999
 243 4.675 1.45
 244 8.250000000000009 3.449999999999999
 247 5.866666666666671 4.35
 248 4.886842105263159 1.772368421052631
 250 6.350000000000007 3.969047619047618
 251 7.59807692307693 7.534615384615392
 257 7.200000000000006 9.150000000000011
 258 7.125000000000006 9.225000000000012
 259 7.250000000000006 5.400000000000001
 260 8.635714285714295 9.642857142857155
 261 7.800000000000008 9.150000000000011
 263 5.860000000000003 7.120000000000005
 264 8.55000000000001 9.225000000000012
 266 9.128571428571439 6.107142857142861
 268 8.55000000000001 9.150000000000011
 272 8.24250000000001 7.410000000000008
 275 9.128571428571439 6.107142857142861
 279 8.050000000000008 5.775000000000003
 280 7.500000000000007 8.400000000000011
 281 6.183333333333337 8.416666666666677
 284 6.375000000000004 9.07500000000001
 285 5.725000000000002 9.200000000000012
 286 8.55000000000001 9.150000000000011
 287 7.650000000000007 8.85000000000001
 289 5.421428571428573 8.292857142857153
 292 6.975000000000006 8.250000000000009
 295 8.775000000000009 9.525000000000013
 296 8.357142857142865 4.885714285714286
 297 6.700000000000006 8.95000000000001
 298 6.450000000000005 8.55600000000001
 299 9.16764705882354 5.338235294117649
 102 3.599999999999999 4.950000000000001
 106 1.1625 1.275
 116 4.049999999999999 4.65
 135 1.74 2.489999999999999
 139 4.950000000000001 1.8
 143 2.25 0.975
 145 1.35 1.68
 153 0.6 9.600000000000012
 154 2.933333333333333 6.300000000000005
 161 2.849999999999999 6.750000000000005
 163 1.05 8.400000000000009
 166 1.8 5.925000000000004
 172 1.05 9.07500000000001
 174 2.485714285714285 9.428571428571439
 181 0.5499999999999999 9.000000000000011
 182 2.549999999999999 5.600000000000001
 183 0.9 4.875000000000001
 186 1.65 6.000000000000004
 188 0.6 6.150000000000003
 190 0.5499999999999999 9.000000000000011
 192 4.425 9.000000000000011
 195 2.399999999999999 8.55000000000001
 198 1.01 6.850000000000006
 207 7.425000000000006 1.425
 209 6.150000000000004 1.0125
 211 7.200000000000006 1.5
 222 9.150000000000011 3.299999999999999
 226 5.025000000000001 1.575
 227 9.150000000000011 3.149999999999999
 228 6.750000000000005 2.999999999999999
 231 8.962500000000013 2.437499999999999
 236 8.250000000000009 1.575
 237 7.650000000000007 2.25
 238 7.350000000000007 2.399999999999999
 246 7.200000000000006 1.5
 249 8.70000000000001 2.849999999999999
 252 6.462857142857145 4.980000000000002
 253 8.850000000000009 8.88750000000001
 254 6.466666666666671 5.100000000000001
 255 6.466666666666671 5.100000000000001
 256 9.000000000000011 6.300000000000004
 262 6.51428571428572 6.642857142857148
 265 7.800000000000008 7.275000000000007
 267 5.563043478260873 5.497826086956523
 269 8.05000000000001 7.250000000000007
 270 7.500000000000007 4.8375
 271 8.025000000000009 5.250000000000002
 273 7.046808510638301 5.374468085106384
 274 5.362500000000002 5.137500000000001
 276 5.556000000000004 5.472000000000001
 277 5.100000000000001 6.750000000000005
 278 5.850000000000003 7.500000000000007
 282 8.41875000000001 8.100000000000009
 291 7.725000000000007 8.812500000000011
 293 8.100000000000009 8.625000000000011
 294 8.45000000000001 5.400000000000002
 300 7.850000000000009 6.350000000000004
