# Created by Octave 2.9.13, Sat Oct 27 21:49:30 2007 EDT <eagblanc@dol31>
# name: Estimatedcoordinates
# type: matrix
# rows: 142
# columns: 3
 102 3.299999999999999 2.699999999999999
 105 4.725000000000001 2.024999999999999
 106 3.449999999999999 2.849999999999999
 107 3.449999999999999 2.1
 111 2.129032258064516 0.7161290322580646
 112 1.025 1.575
 113 2.974999999999999 1.1
 114 4.199999999999999 2.849999999999999
 118 1.2 4.8
 119 2.1 2.175
 121 2.37 1.86
 122 5.175000000000002 4.5
 125 3.074999999999999 2.699999999999999
 126 2.1 1.65
 127 1.05 1.65
 129 2.1 1.575
 131 4.762500000000001 3.899999999999999
 132 1.9125 1.875
 135 0.7999999999999999 4.399999999999999
 136 2.924999999999999 2.849999999999999
 138 4.950000000000001 1.35
 139 4.527272727272727 3.763636363636363
 140 0.8423076923076922 3.207692307692307
 141 2.116666666666666 1.95
 142 1.092857142857143 2.871428571428571
 143 2.849999999999999 2.699999999999999
 144 3.374999999999999 2.924999999999999
 145 4.7125 3.812499999999999
 146 4.77 5.370000000000002
 147 1.603125 2.709374999999999
 148 4.875000000000001 3.087499999999999
 150 4.5 3.149999999999999
 151 2 6.100000000000004
 152 0.75 7.350000000000007
 153 4.574999999999999 6.292500000000004
 154 2.849999999999999 8.85000000000001
 155 2.1 9.150000000000011
 159 3.049999999999999 8.67500000000001
 160 3.277272727272726 5.172727272727275
 162 2 5.850000000000004
 163 4.049999999999999 7.500000000000007
 164 1.130357142857143 7.912500000000007
 165 1.95 8.70000000000001
 166 5.400000000000002 5.400000000000002
 167 2.37 9.150000000000009
 168 3.790540540540541 9.247297297297305
 169 3.806249999999999 7.593750000000006
 170 2 6.100000000000004
 172 2.444999999999999 7.470000000000008
 173 4.85625 5.681250000000002
 174 0.77 7.125000000000006
 175 1.05 7.290000000000006
 176 2.356249999999999 5.718750000000003
 178 3.299999999999999 7.800000000000008
 179 3.68181818181818 6.968181818181824
 180 2.774999999999999 9.300000000000011
 181 2.421428571428571 6.750000000000006
 182 4.274999999999999 7.650000000000007
 183 4.685869565217392 5.771739130434787
 184 3.224999999999999 8.925000000000011
 188 2.324999999999999 8.85000000000001
 189 3.209999999999999 7.965000000000009
 190 3.872727272727272 6.777272727272732
 193 2.549999999999999 6.375000000000004
 194 3.599999999999999 6.600000000000005
 195 3.599999999999999 6.712500000000007
 196 2 6.100000000000004
 200 1.832142857142857 7.703571428571435
 201 8.421428571428581 2.314285714285714
 202 6.895588235294125 1.552941176470588
 203 9.150000000000011 0.615
 204 5.400000000000002 4.5
 206 5.347500000000002 3.224999999999999
 207 5.910000000000004 3.689999999999999
 208 6.510000000000004 0.99
 209 8.892857142857151 2.630357142857142
 210 9.545454545454557 1.315909090909091
 211 4.35 4.049999999999999
 213 9.675000000000011 2.474999999999999
 214 8.400000000000009 3.599999999999999
 215 8.85000000000001 4.950000000000001
 216 8.657142857142871 4.521428571428571
 218 5.350000000000002 1.85
 221 7.446428571428577 3.894642857142858
 222 9.102272727272737 3.811363636363636
 223 7.705000000000011 2.809999999999999
 224 5.400000000000002 4.575
 225 8.100000000000009 1.0125
 226 5.550000000000002 4.65
 227 8.434615384615393 0.9000000000000002
 229 5.07 4.139999999999999
 230 7.050000000000007 3.599999999999999
 231 8.150000000000009 4.45
 233 9.150000000000011 0.9750000000000001
 234 6.895588235294125 1.552941176470588
 236 9.000000000000011 1.622727272727273
 238 7.703846153846162 2.7
 239 7.875000000000007 3.599999999999999
 240 5.025000000000001 4.274999999999999
 241 8.55000000000001 2.999999999999999
 242 9.000000000000011 1.622727272727273
 244 8.80000000000001 0.7000000000000001
 246 8.57142857142858 2.641071428571428
 247 9.047727272727284 4.997727272727274
 251 7.750000000000007 6.425000000000004
 253 5.700000000000003 4.950000000000001
 254 7.950000000000008 5.850000000000003
 255 6.750000000000005 5.550000000000002
 256 9.150000000000011 8.812500000000011
 257 6.921428571428576 6.578571428571435
 258 5.450000000000002 6.750000000000004
 259 9.578571428571438 8.078571428571438
 260 9.600000000000014 6.900000000000006
 261 8.70000000000001 8.100000000000009
 262 6.400000000000006 7.723076923076931
 264 5.900000000000003 5.600000000000001
 265 6.615000000000005 5.940000000000003
 266 8.70000000000001 6.600000000000005
 268 5.873437500000006 8.962500000000013
 269 9.05000000000001 8.625000000000009
 270 5.475000000000001 6.000000000000004
 272 5.700000000000003 7.200000000000007
 273 9.525000000000013 8.55000000000001
 274 9.030000000000012 8.61000000000001
 275 8.265000000000009 5.835000000000003
 277 9.10000000000001 8.625000000000009
 278 9.525000000000013 7.125000000000006
 280 5.700000000000003 6.525000000000005
 281 7.950000000000008 5.850000000000003
 282 6.875000000000004 5.612500000000003
 283 5.898000000000004 9.102000000000009
 287 5.325000000000002 6.675000000000005
 289 7.770000000000008 5.010000000000002
 290 5.527173913043478 6.22826086956522
 291 6.350000000000005 5.190000000000001
 292 6.631578947368427 6.734210526315795
 293 9.450000000000012 8.70000000000001
 294 7.950000000000008 5.850000000000003
 295 5.512500000000002 6.675000000000005
 297 5.898000000000004 9.102000000000009
 298 4.6125 7.737500000000008
 300 9.150000000000011 6.300000000000004
# name: Error_total
# type: scalar
0.6430941320584197
# name: size_EstimatedCoordinates_row
# type: scalar
142
