# Created by Octave 2.9.13, Sat Oct 27 19:37:10 2007 EDT <eagblanc@dol31>
# name: Estimatedcoordinates
# type: matrix
# rows: 133
# columns: 3
 101 2.949999999999999 2.849999999999999
 102 3.374999999999999 4.5
 104 4.35 4.800000000000001
 105 3.149999999999999 4.5
 106 0.975 4.274999999999999
 107 5.250000000000002 1.125
 112 3.985714285714284 2.357142857142856
 113 3.964285714285714 0.6107142857142857
 114 4.300961538461538 2.010576923076923
 115 4.950000000000001 0.6
 116 3.899999999999999 2.999999999999999
 117 4.199999999999999 2.25
 118 1.834285714285715 0.8742857142857142
 120 4.049999999999999 1.65
 123 1.681132075471697 0.9367924528301886
 126 2.699999999999999 1.5
 127 4.274999999999999 1.7625
 128 3.399999999999999 1.0625
 132 4.5 3.299999999999999
 133 2.25 2.1
 134 4.470000000000001 2.25
 135 3.749999999999999 4.5
 137 3.569999999999999 1.89
 138 4.564285714285714 4.764285714285715
 140 3.824999999999999 1.65
 141 3.299999999999999 3.899999999999999
 143 3.535714285714285 4.521428571428571
 145 3.569999999999999 1.89
 149 3.899999999999999 2.1
 150 3.149999999999999 1.7625
 151 1.8 9.575000000000012
 152 0.9 7.425000000000007
 153 2.699999999999999 6.375000000000004
 154 1.2 8.100000000000009
 157 5.400000000000002 5.550000000000002
 158 4.070454545454544 6.497727272727278
 160 4.070454545454544 6.497727272727278
 161 0.6 5.775000000000003
 162 1.2 5.925000000000004
 163 1.864285714285714 5.335714285714288
 164 1.275 8.85000000000001
 165 1.825 8.67500000000001
 166 1.2 7.900000000000008
 167 1.95 5.550000000000002
 168 2.549999999999999 5.550000000000002
 171 3.099999999999999 7.750000000000007
 173 3.626470588235293 8.091176470588245
 178 5.154545454545456 5.468181818181821
 179 1.283333333333333 9.450000000000012
 180 4.8609375 6.970312500000008
 182 1.05 8.700000000000008
 183 1.425 5.925000000000003
 186 2.649999999999999 7.750000000000007
 187 0.8653846153846155 6.173076923076928
 188 2.299999999999999 5.700000000000003
 190 1.5 6.225000000000004
 191 4.35 4.950000000000001
 193 2.791666666666665 5.675000000000002
 194 1.114285714285714 9.214285714285724
 195 3.149999999999999 5.362500000000002
 196 1.38 8.715000000000009
 197 1.2 9.412500000000012
 198 2.522727272727272 8.659090909090919
 199 1.05 7.650000000000007
 200 2.799999999999999 5.200000000000002
 201 7.650000000000007 3.974999999999999
 202 7.740000000000007 3.239999999999999
 203 7.500000000000007 2.849999999999999
 204 5.954347826086958 2.308695652173912
 205 7.100000000000005 1.816666666666666
 206 8.625000000000011 4.087499999999999
 208 6.600000000000005 0.6
 209 7.290000000000008 4.470000000000001
 210 8.100000000000009 3.899999999999999
 211 7.600000000000006 1.875
 217 8.400000000000009 4.387499999999999
 218 5.325000000000001 4.644230769230768
 220 7.900000000000009 3.149999999999999
 222 7.170000000000006 1.95
 223 7.950000000000007 4.77
 225 4.978846153846153 4.171153846153846
 226 8.670000000000011 2.624999999999999
 227 6.390000000000004 1.89
 228 6.930000000000005 1.98
 229 8.100000000000009 3.449999999999999
 230 5.475000000000001 0.9
 231 6.122727272727277 0.5863636363636364
 232 5.025000000000001 3.774999999999999
 233 8.775000000000009 4.800000000000001
 234 8.100000000000009 3.899999999999999
 235 6.225000000000004 5.250000000000002
 236 7.068750000000005 1.425
 238 7.050000000000006 5.700000000000003
 240 6.450000000000005 1.65
 242 4.762500000000001 3.337499999999999
 243 5.550000000000002 4.950000000000001
 244 5.940000000000003 2.534999999999999
 245 6.600000000000005 0.6
 247 5.775000000000003 2.1
 250 6.600000000000005 1.65
 251 7.725000000000007 8.400000000000009
 252 8.175000000000008 8.175000000000008
 255 6.300000000000004 5.250000000000002
 256 4.55 4.5
 258 6.221052631578953 7.144736842105269
 260 7.967647058823538 9.026470588235306
 262 7.800000000000008 9.000000000000011
 263 7.500000000000006 8.121428571428579
 265 6.937500000000007 6.762500000000006
 267 4.800000000000001 4.65
 270 9.177272727272738 8.195454545454554
 271 7.500000000000006 8.121428571428579
 272 7.875000000000008 8.175000000000008
 273 7.350000000000007 4.93125
 274 8.925000000000008 4.916666666666667
 276 5.650000000000002 5.350000000000001
 278 9.07500000000001 8.70000000000001
 279 5.850000000000002 6.225000000000004
 280 7.050000000000006 9.600000000000012
 281 7.800000000000008 4.35
 282 5.550000000000002 4.950000000000001
 283 8.55000000000001 8.400000000000009
 287 7.157142857142863 8.42142857142858
 288 5.850000000000002 6.225000000000004
 289 7.650000000000007 8.70000000000001
 290 7.125000000000007 8.475000000000009
 291 6.750000000000005 7.050000000000006
 294 8.900000000000011 8.60000000000001
 295 9.476470588235303 8.408823529411775
 296 6.981818181818188 9.368181818181828
 297 7.800000000000008 8.70000000000001
 298 6.300000000000004 6.400000000000003
 300 7.500000000000007 8.025000000000009
# name: Error_total
# type: scalar
0.5768910856483486
# name: size_EstimatedCoordinates_row
# type: scalar
133
