# Created by Octave 2.9.13, Mon Oct 29 12:47:03 2007 EDT <eagblanc@wha206>
# name: Estimatedcoordinates
# type: matrix
# rows: 121
# columns: 3
 101 3.4875 5.191071428571431
 102 3.093749999999999 1.93125
 105 4.950000000000001 5.100000000000001
 106 5.250000000000001 1.7
 108 2.849999999999999 2.549999999999999
 109 2.16 0.6300000000000001
 113 2.264999999999999 1.5375
 114 4.766666666666667 5.216666666666669
 115 2.51470588235294 0.8294117647058823
 120 3.661764705882355 3.749999999999999
 121 2.549999999999999 2.399999999999999
 122 4.800000000000001 3.374999999999999
 124 4.45 4.7
 126 2.699999999999999 1.221428571428571
 128 5.400000000000002 4.049999999999999
 129 2.849999999999999 2.999999999999999
 133 3.749999999999999 2.1
 134 2.399999999999999 0.9
 138 2.57142857142857 0.8892857142857142
 139 2.349999999999999 1.625
 140 3.717391304347827 4.330434782608696
 141 2.549999999999999 2.849999999999999
 142 3.0046875 1.3640625
 147 1.815 2.647499999999998
 148 3.824999999999999 4.425
 149 4.049999999999999 2.25
 150 4.185 1.68
 151 1.8 7.800000000000007
 152 4.875000000000001 8.85000000000001
 156 4.199999999999999 6.150000000000004
 157 3.733333333333332 5.733333333333336
 158 3.346874999999998 8.990625000000012
 164 4.049999999999999 6.900000000000006
 165 4.199999999999999 7.200000000000006
 166 3.449999999999999 7.500000000000007
 167 3.599999999999999 8.85000000000001
 168 3.249999999999999 5.950000000000003
 169 2.279268292682927 5.550000000000002
 171 5.062500000000001 7.487500000000007
 172 2.999999999999999 5.550000000000002
 173 3.449999999999999 7.590000000000006
 175 3.449999999999999 8.250000000000009
 176 1.425 7.425000000000007
 181 3.299999999999999 8.625000000000011
 182 4.199999999999999 5.175000000000002
 184 5.100000000000001 6.600000000000005
 187 5.344736842105265 7.902631578947378
 188 2.549999999999999 7.350000000000007
 189 2.849999999999999 8.587500000000009
 191 3.899999999999999 5.850000000000003
 193 4.65 7.650000000000007
 194 3.449999999999999 5.700000000000003
 195 3.149999999999999 8.250000000000009
 196 1.8 7.800000000000007
 198 3.949999999999999 8.400000000000011
 199 1.95 7.725000000000007
 200 2.849999999999999 8.55000000000001
 201 8.820000000000011 2.16
 204 4.725000000000001 2.025
 205 7.140000000000006 4.74
 206 4.35 3.149999999999999
 207 5.325000000000002 4.65
 208 8.109375000000009 3.871874999999999
 209 9.013636363636374 2.427272727272726
 210 5.850000000000003 0.825
 211 5.250000000000002 1.65
 214 5.700000000000003 2.999999999999999
 215 6.444230769230774 1.021153846153846
 216 5.625000000000002 0.675
 217 9.040909090909102 3.559090909090908
 218 5.100000000000001 2.549999999999999
 221 8.892857142857153 3.128571428571427
 222 5.025000000000001 1.725
 225 8.892857142857153 3.128571428571427
 226 5.700000000000003 4.5
 227 9.342857142857156 3.907142857142856
 229 5.100000000000001 1.65
 230 7.556250000000007 4.453125
 231 8.86250000000001 3.337499999999999
 237 6.900000000000006 4.65
 238 6.300000000000004 4.612500000000001
 242 7.125000000000006 1.2
 243 5.700000000000003 2.999999999999999
 244 5.025000000000001 4.274999999999999
 245 5.721428571428577 1.778571428571429
 246 6.775000000000006 0.8250000000000002
 248 5.250000000000002 1.65
 249 5.678571428571431 1.071428571428571
 251 7.152127659574475 6.475531914893622
 252 5.500000000000003 6.750000000000004
 253 6.310000000000004 7.500000000000005
 254 8.400000000000009 7.650000000000007
 255 7.200000000000006 8.250000000000009
 258 9.034615384615396 6.842307692307698
 259 5.975000000000004 6.275000000000005
 262 5.160000000000002 5.580000000000001
 263 9.034615384615396 6.842307692307698
 264 8.807142857142868 8.078571428571436
 265 9.000000000000011 8.400000000000009
 267 7.590000000000006 7.830000000000008
 269 9.450000000000012 7.650000000000008
 270 9.000000000000011 8.400000000000009
 271 6.900000000000006 5.625000000000003
 272 6.777272727272734 9.150000000000013
 273 5.400000000000002 6.450000000000005
 274 7.331250000000005 8.868750000000011
 276 6.750000000000005 5.550000000000002
 277 5.175000000000002 5.250000000000002
 280 6.204545454545459 8.795454545454554
 281 4.800000000000001 6.600000000000005
 283 8.025000000000009 7.200000000000006
 286 6.204545454545459 8.795454545454554
 288 6.420000000000003 6.885000000000005
 290 6.050000000000004 6.950000000000006
 292 6.56052631578948 7.760526315789482
 293 6.750000000000005 6.900000000000006
 294 5.550000000000002 8.250000000000009
 295 9.150000000000011 8.250000000000009
 296 6.000000000000004 4.5
 299 9.300000000000013 8.20000000000001
 300 9.034615384615396 6.842307692307698
# name: Error_total
# type: scalar
0.6479623518774226
# name: size_EstimatedCoordinates_row
# type: scalar
121
