# Created by Octave 2.9.13, Sun Oct 28 22:03:34 2007 EDT <eagblanc@wha209>
# name: Estimatedcoordinates
# type: matrix
# rows: 138
# columns: 3
 102 1.3125 0.525
 104 3.543749999999999 1.96875
 105 2.174999999999999 1.5
 106 5.100000000000001 1.275
 108 2.132142857142857 1.65
 109 1.98 3.509999999999999
 110 1.875 5.250000000000002
 111 1.5 1.75
 112 1.264285714285714 0.4714285714285714
 113 1.35 4.950000000000001
 114 0.75 2.399999999999999
 115 0.9 3.149999999999999
 116 1.264285714285714 0.4714285714285714
 117 1.35 1.8
 119 1.4 0.7999999999999999
 121 1.2 1.8
 123 2.699999999999999 1.95
 124 1.3125 0.525
 125 0.825 2.25
 126 0.8911764705882355 1.711764705882353
 128 1.75 2.25
 130 2.873076923076922 5.538461538461542
 131 1.892307692307692 3.519230769230768
 132 1.5 3.074999999999999
 133 4.950000000000001 1.35
 134 1.510344827586206 0.8999999999999999
 138 3.347142857142857 2.669999999999999
 141 4.950000000000001 1.95
 144 3.858333333333332 2.25
 145 2.549999999999999 2.1
 146 1.2 2.25
 147 3.96 2.22
 149 3.974999999999999 1.5
 150 4.781707317073169 2.480487804878048
 151 1.875 7.350000000000007
 152 1.2 5.250000000000002
 154 3.842307692307692 5.382692307692309
 156 5.381250000000001 8.400000000000009
 157 1.95 8.55000000000001
 158 1.9875 8.66250000000001
 159 1.425 7.97142857142858
 160 2.899999999999999 6.050000000000004
 161 1.125 8.525000000000009
 162 1.425 5.550000000000002
 163 3.514285714285713 5.742857142857146
 164 5.362500000000002 8.400000000000009
 165 1.431818181818182 7.165909090909097
 168 4.5 5.550000000000002
 169 1.5 7.425000000000006
 171 4.805882352941175 6.664705882352948
 173 2.549999999999999 5.250000000000002
 174 4.537500000000001 7.907142857142865
 176 1.157142857142857 4.950000000000001
 177 1.371428571428571 7.307142857142863
 178 1.77 6.840000000000006
 179 4.920000000000001 5.460000000000002
 180 1.1375 8.525000000000011
 182 2.759999999999999 6.150000000000004
 183 1.725 5.475000000000001
 184 1.35 7.050000000000006
 185 3.134999999999999 5.490000000000002
 186 1.5 5.550000000000002
 187 3.599999999999999 6.300000000000004
 189 0.9187500000000002 6.312500000000004
 191 1.8 7.500000000000007
 192 1.575 8.250000000000009
 194 3.299999999999999 5.625000000000002
 195 3.843749999999999 5.406250000000001
 196 0.375 8.175000000000008
 197 1.75 6.900000000000006
 199 3.008333333333332 6.208333333333338
 200 1.176315789473684 8.463157894736852
 203 7.050000000000007 4.800000000000001
 205 8.78750000000001 4.212499999999999
 207 9.000000000000011 4.5
 208 5.850000000000003 4.800000000000001
 209 7.050000000000006 2.849999999999999
 213 6.150000000000004 1.95
 214 7.950000000000008 4.65
 215 7.770000000000008 0.8099999999999999
 217 7.350000000000007 3.149999999999999
 218 7.367142857142861 1.941428571428572
 220 6.700000000000006 4.900000000000001
 221 6.462500000000005 1.3875
 222 6.000000000000004 2.025
 223 8.400000000000009 4.5
 224 6.777272727272732 0.9409090909090909
 225 6.150000000000004 4.800000000000001
 226 7.500000000000007 3.749999999999999
 228 5.018181818181819 2.699999999999999
 229 6.650000000000006 0.9
 230 7.575000000000006 1.8
 231 8.740909090909101 4.513636363636363
 233 7.050000000000007 4.800000000000001
 234 7.650000000000007 3.599999999999999
 236 7.575000000000006 3.899999999999999
 238 6.514285714285719 1.371428571428571
 240 5.948780487804882 1.046341463414634
 242 7.800000000000008 0.6750000000000002
 243 8.225000000000009 0.8250000000000001
 244 5.850000000000003 1.2
 245 7.125000000000006 2.774999999999999
 247 7.250000000000007 3.75
 249 7.875000000000008 4.425
 250 5.295000000000002 1.95
 252 6.12631578947369 5.344736842105266
 253 6.717857142857149 9.567857142857155
 254 5.831250000000004 8.193750000000009
 255 9.460344827586221 5.705172413793107
 256 7.350000000000007 9.150000000000011
 257 4.885714285714286 5.785714285714289
 260 7.963636363636372 7.977272727272736
 261 8.214285714285724 7.360714285714293
 262 7.200000000000006 4.950000000000001
 264 8.47500000000001 9.412500000000012
 265 8.47500000000001 9.412500000000012
 266 5.400000000000001 9.557142857142868
 267 7.350000000000007 6.300000000000004
 268 7.650000000000007 9.187500000000011
 270 7.680000000000008 6.590000000000003
 273 8.47500000000001 9.412500000000012
 274 7.200000000000006 5.250000000000002
 275 8.342857142857152 5.057142857142859
 276 5.127500000000001 7.020000000000005
 278 8.535000000000009 9.390000000000011
 279 6.930000000000005 5.940000000000004
 280 8.47500000000001 9.412500000000012
 281 8.791935483870983 8.288709677419366
 282 4.885714285714286 5.785714285714289
 283 7.050000000000006 6.000000000000004
 285 5.686363636363641 6.272727272727278
 286 7.875000000000008 8.85000000000001
 288 7.650000000000007 9.187500000000011
 292 7.800000000000008 7.350000000000007
 293 6.111111111111116 7.73333333333334
 297 5.100000000000001 9.300000000000011
 298 5.686956521739133 8.276086956521748
 299 6.771428571428578 7.125000000000007
# name: Error_total
# type: scalar
0.5805381932228036
# name: size_EstimatedCoordinates_row
# type: scalar
138
