# Created by Octave 2.9.13, Mon Oct 29 14:01:51 2007 EDT <eagblanc@wha254>
# name: Estimatedcoordinates_tot
# type: matrix
# rows: 195
# columns: 3
 102 0.9 2.774999999999999
 103 0.825 3.974999999999999
 104 4.483333333333333 5.066666666666667
 106 0.8571428571428573 2.57142857142857
 107 2.766 1.008
 108 4.875000000000001 4.875000000000001
 109 1.575 1.3875
 110 1.5 4.35
 111 0.7999999999999999 2.749999999999999
 112 2.62142857142857 2.05
 114 2.324999999999999 3.899999999999999
 116 3.049999999999999 2.1
 117 1.425 3.374999999999999
 118 2.749999999999999 1.1625
 119 0.6599999999999999 2.519999999999999
 120 2.892857142857142 1.992857142857143
 124 3.09375 1.80625
 126 0.7875 3.037499999999999
 127 5.563636363636366 5.018181818181819
 128 1.658333333333334 1.191666666666667
 129 0.7875 3.037499999999999
 132 1.178571428571429 4.35
 133 2.774999999999999 2.549999999999999
 134 1.264285714285714 4.885714285714286
 137 1.575 1.3875
 138 1.15 3.049999999999999
 139 4.483333333333333 5.066666666666667
 140 0.6136363636363636 2.386363636363636
 142 1.933333333333333 1.383333333333333
 144 2.111538461538461 3.46153846153846
 145 1.5 3.239999999999999
 147 0.9 3.599999999999999
 148 2.26875 2.643749999999999
 149 0.675 3.993749999999999
 150 2.654999999999999 1.0575
 151 3.162499999999999 6.587500000000006
 152 1.614285714285715 6.921428571428576
 153 3.954545454545454 8.140909090909101
 154 4.800000000000001 8.55000000000001
 155 1.225 9.137500000000012
 156 4.950000000000001 5.400000000000002
 158 3.064285714285713 6.18571428571429
 159 1.99 7.870000000000007
 160 4.24 5.680000000000003
 162 2.399999999999999 5.850000000000003
 163 4.049999999999999 8.625000000000011
 164 2.699999999999999 9.150000000000011
 165 0.75 8.400000000000009
 167 1.725 9.075000000000012
 168 4.875000000000001 4.725000000000001
 169 1.7 9.000000000000009
 170 4.45 7.550000000000007
 171 4.800000000000001 7.725000000000008
 172 0.75 8.250000000000009
 173 1.99 7.870000000000007
 175 0.9385714285714288 5.271428571428574
 176 0.8222222222222223 5.205555555555557
 177 1.59375 8.043750000000008
 178 1.725 6.240000000000004
 179 4.274999999999999 5.100000000000001
 181 1.15 4.149999999999999
 183 1.35 8.70000000000001
 184 3.317441860465116 6.865116279069771
 185 2.774999999999999 6.750000000000005
 187 4.593749999999999 5.868750000000004
 190 2.999999999999999 8.491666666666678
 191 3.299999999999999 9.000000000000011
 192 4.242857142857143 7.800000000000009
 193 2.699999999999999 5.300000000000002
 194 4.049999999999999 6.600000000000005
 195 2.1 6.375000000000004
 196 3.149999999999999 8.85000000000001
 197 1.35 8.70000000000001
 198 1.05 6.600000000000005
 199 0.75 8.55000000000001
 200 4.800000000000002 7.650000000000007
 201 6.800000000000005 1.75
 202 7.050000000000007 5.050000000000002
 203 6.800000000000005 1.75
 204 6.925000000000005 1.45
 205 9.683333333333346 2.999999999999999
 206 6.815625000000006 3.393749999999999
 207 7.740000000000007 0.6
 208 6.712500000000006 3.312499999999999
 210 7.650000000000007 0.75
 213 6.10714285714286 4.564285714285715
 216 7.750000000000008 1.05
 217 8.100000000000009 1.5
 218 9.07500000000001 1.2
 220 6.337500000000005 5.812500000000004
 221 7.837500000000008 0.65625
 222 5.700000000000003 3.299999999999999
 223 5.559375000000003 2.671874999999999
 224 5.475000000000002 2.587499999999999
 228 6.450000000000005 3.899999999999999
 229 8.175000000000008 1.5
 230 9.075000000000012 5.625000000000002
 232 7.638461538461543 1.926923076923077
 233 7.718181818181827 1.227272727272727
 234 7.762500000000009 0.9375
 235 6.800000000000007 2.208333333333333
 236 6.910714285714292 4.253571428571428
 237 5.485714285714288 2.421428571428571
 238 6.750000000000005 4.5
 239 5.550000000000002 4.65
 240 9.750000000000012 3.449999999999999
 241 8.250000000000009 2.1
 243 6.000000000000004 4.35
 244 7.387500000000006 2.1
 245 7.950000000000008 1.65
 249 8.400000000000009 1.5
 250 8.490000000000011 0.8699999999999999
 251 5.775000000000003 5.925000000000003
 252 7.500000000000005 4.890000000000001
 253 8.100000000000009 9.450000000000012
 254 7.178571428571436 6.08571428571429
 255 5.400000000000002 7.850000000000009
 256 4.575 8.55000000000001
 257 6.51428571428572 8.635714285714297
 258 8.972727272727283 7.159090909090915
 259 7.750000000000007 5.200000000000002
 260 9.136363636363649 7.090909090909097
 262 4.65 7.875000000000008
 265 8.80500000000001 9.090000000000012
 266 4.65 7.650000000000007
 267 8.972727272727283 7.159090909090915
 268 8.85000000000001 7.050000000000006
 269 5.871428571428575 4.392857142857143
 270 8.972727272727283 7.159090909090915
 271 8.250000000000009 7.050000000000006
 272 7.500000000000005 4.890000000000001
 273 8.400000000000009 6.150000000000004
 274 7.786363636363645 6.804545454545461
 275 5.625000000000002 5.625000000000002
 276 7.245000000000007 5.895000000000003
 278 5.196428571428575 8.946428571428582
 281 8.937500000000011 7.187500000000006
 282 9.075000000000012 5.625000000000002
 284 5.700000000000003 5.100000000000001
 285 7.200000000000007 6.056250000000004
 286 5.100000000000001 6.300000000000004
 287 8.937500000000011 7.187500000000006
 288 8.250000000000009 7.050000000000006
 289 5.250000000000002 7.575000000000007
 290 6.262500000000006 8.880000000000013
 293 7.875000000000008 5.475000000000001
 294 9.118750000000013 4.993750000000001
 295 6.24473684210527 8.897368421052644
 296 5.357142857142859 8.228571428571437
 298 9.097826086956532 4.97608695652174
 299 6.24473684210527 8.897368421052644
 300 5.850000000000003 8.400000000000009
 101 1.275 1.65
 105 2.999999999999999 2.849999999999999
 113 2.25 1.65
 115 0.6749999999999999 4.55
 121 1.47 1.02
 122 1.425 1.2
 130 3.449999999999999 1.5
 135 4.35 1.85
 136 0.15 2.399999999999999
 141 2.399999999999999 4.399999999999999
 143 2.624999999999999 0.3
 146 2.899999999999999 0.65
 157 1.05 6.300000000000004
 161 2.699999999999999 7.200000000000006
 166 3.899999999999999 6.150000000000004
 174 1.425 6.150000000000004
 180 0.9 9.150000000000011
 182 4.049999999999999 8.250000000000009
 186 2.1 7.650000000000007
 188 1.5 7.200000000000006
 189 1.392857142857143 5.850000000000002
 209 6.600000000000005 4.65
 211 5.550000000000002 1.95
 212 6.900000000000006 2.1
 215 6.480000000000004 2.639999999999999
 219 9.675000000000011 1.875
 225 8.250000000000009 0.3
 226 6.450000000000005 1.425
 227 8.175000000000008 4.65
 231 6.750000000000005 1.65
 242 6.900000000000006 1.5
 246 5.550000000000002 1.95
 247 9.600000000000012 4.049999999999999
 248 9.514285714285725 2.999999999999999
 261 8.892857142857153 9.064285714285726
 263 5.550000000000002 9.600000000000012
 264 9.225000000000012 6.900000000000006
 277 8.70000000000001 8.100000000000009
 279 6.600000000000005 6.600000000000005
 283 7.650000000000007 9.450000000000012
 291 7.500000000000007 9.450000000000012
 292 8.55000000000001 8.400000000000009
 297 8.100000000000009 9.750000000000012
