# Created by Octave 2.9.13, Sun Oct 28 23:54:26 2007 EDT <eagblanc@wha237>
# name: Estimatedcoordinates
# type: matrix
# rows: 127
# columns: 3
 102 2.624999999999999 0.6
 104 2.849999999999999 0.9
 105 1.6125 2.68392857142857
 109 3.578571428571427 4.735714285714287
 111 3.383333333333332 1.083333333333333
 114 1.05 4.950000000000001
 115 4.124999999999999 0.6
 116 2.699999999999999 0.9
 118 0.4875 3.187499999999999
 119 1.5375 1.865625
 120 1.735714285714286 4.585714285714286
 123 4.049999999999999 0.6
 124 1.864285714285714 1.735714285714286
 126 5.175000000000002 1.625
 129 2.5 0.65
 130 2.899999999999999 1.6
 131 1.0875 4.6875
 132 0.75 3.749999999999999
 133 4.989473684210528 1.121052631578948
 134 3.049999999999999 0.85
 137 0.75 3.749999999999999
 138 2.924999999999999 1.875
 139 3.449999999999999 1.11
 140 4.709999999999999 2.753999999999999
 141 2.437499999999999 1.05
 142 4.575 0.15
 143 5.400000000000002 1.95
 148 2.989285714285715 4.2
 149 1.05 4.950000000000001
 150 2.624999999999999 0.9
 151 4.124999999999999 8.250000000000009
 153 3.449999999999999 4.800000000000001
 154 4.283333333333333 7.933333333333341
 156 4.883333333333335 5.333333333333336
 158 0.48 5.715000000000004
 159 2.188235294117646 9.097058823529423
 163 1.071428571428571 5.357142857142859
 165 4.167857142857143 8.496428571428583
 166 4.274999999999999 5.025000000000001
 167 4.861956521739132 6.518478260869569
 170 3.068181818181817 8.55000000000001
 172 1.8 5.700000000000003
 173 3.068181818181817 8.904545454545465
 176 0.9375000000000001 5.925000000000003
 182 3.074999999999999 4.950000000000001
 183 1.2 5.025000000000001
 184 3.999999999999999 5.650000000000002
 185 1.142307692307692 5.065384615384616
 188 0.9710526315789475 5.834210526315792
 189 4.199999999999999 8.100000000000009
 190 1.05 5.250000000000002
 191 0.48 5.715000000000004
 193 0.6750000000000002 5.850000000000002
 199 5.325000000000002 8.100000000000009
 200 3.471428571428571 5.464285714285716
 201 5.625000000000002 2.399999999999999
 203 5.250000000000002 5.400000000000002
 204 6.150000000000003 1.05
 205 4.950000000000001 1.425
 207 6.240000000000004 1.14
 208 6.180000000000004 2.01
 209 9.600000000000012 2.849999999999999
 211 5.100000000000001 1.35
 214 7.100000000000005 2.512499999999999
 216 9.750000000000012 3.449999999999999
 217 5.550000000000002 0.75
 223 8.45000000000001 1.55
 224 5.800000000000003 2.699999999999999
 225 9.637500000000012 5.025000000000001
 227 6.206250000000004 2.0625
 229 9.600000000000012 2.849999999999999
 230 5.633333333333336 5.033333333333335
 231 6.23571428571429 1.907142857142857
 232 8.45000000000001 1.55
 233 5.550000000000002 1.8
 234 8.978571428571438 2.078571428571428
 235 6.835714285714291 4.135714285714285
 236 7.623529411764714 1.570588235294118
 237 7.100000000000005 2.512499999999999
 240 5.100000000000001 1.5
 241 7.383333333333342 4.516666666666667
 244 7.54565217391305 1.460869565217391
 245 5.442857142857145 1.05
 251 8.775000000000009 5.550000000000002
 252 5.700000000000002 6.925000000000005
 253 5.595652173913045 6.74347826086957
 254 8.55000000000001 5.850000000000004
 255 6.510000000000005 6.030000000000004
 256 9.535714285714295 7.11428571428572
 257 5.80714285714286 9.35357142857144
 258 9.150000000000011 6.525000000000005
 260 5.100000000000001 5.850000000000003
 261 8.100000000000009 7.800000000000008
 263 9.540000000000012 7.260000000000007
 265 6.900000000000006 5.200000000000002
 266 6.375000000000004 8.100000000000009
 267 6.750000000000006 6.518181818181822
 268 9.650000000000013 4.5
 269 7.032352941176478 8.373529411764716
 270 5.912500000000004 5.812500000000003
 271 6.105882352941182 5.329411764705884
 272 7.757142857142866 7.478571428571436
 273 7.650000000000007 8.250000000000009
 274 9.350000000000012 6.475000000000005
 275 5.137500000000001 9.300000000000011
 276 9.600000000000012 4.65
 277 8.55000000000001 6.900000000000006
 280 6.075000000000005 7.800000000000008
 281 6.675000000000005 7.125000000000006
 282 9.131250000000012 5.962500000000004
 283 7.875000000000008 8.250000000000009
 284 8.85000000000001 5.925000000000004
 286 6.768750000000006 6.300000000000004
 287 9.412500000000012 6.375000000000004
 288 7.265625000000005 8.493750000000011
 289 9.200000000000012 5.975000000000005
 290 5.566666666666668 9.083333333333343
 291 7.800000000000008 6.150000000000005
 292 5.115000000000001 5.220000000000002
 293 6.458823529411769 8.70000000000001
 294 5.565000000000003 7.680000000000007
 295 6.685714285714291 5.80714285714286
 296 7.500000000000007 7.650000000000007
 297 5.700000000000003 5.116666666666669
 298 6.88928571428572 5.678571428571431
 299 6.550000000000004 5.200000000000002
 300 6.450000000000005 8.100000000000009
# name: Error_total
# type: scalar
0.6309827767170998
# name: size_EstimatedCoordinates_row
# type: scalar
127
