# Created by Octave 2.9.13, Sun Oct 28 15:18:44 2007 EDT <eagblanc@wha568>
# name: Estimatedcoordinates
# type: matrix
# rows: 133
# columns: 3
 101 1.775 5.468750000000001
 103 1.925 3.124999999999999
 105 3.314999999999999 2.699999999999999
 106 3.599999999999999 2.549999999999999
 110 4.230882352941175 1.804411764705883
 111 2.8 4.335
 114 3.599999999999999 1.05
 115 3.674999999999999 1.725
 116 3.749999999999999 2.25
 118 1.5 1.55
 119 3.599999999999999 2.624999999999999
 122 2.774999999999999 1.45
 123 1.904347826086956 5.015217391304349
 124 2.88970588235294 1.275
 125 0.3375 4.743750000000001
 126 0.8600000000000001 0.77
 127 4.523076923076923 5.353846153846157
 129 2.699999999999999 5.700000000000003
 130 4.130769230769229 1.257692307692308
 132 2.599999999999999 0.7999999999999999
 134 0.7125 2.324999999999999
 136 3.933333333333332 0.9333333333333333
 137 4.65 2.399999999999999
 138 2.369999999999999 1.83
 139 3.974999999999999 1.425
 141 1.925 3.124999999999999
 142 1.95 1.425
 145 1.2 0.45
 146 0.5785714285714285 2.464285714285714
 147 1.707692307692308 0.8423076923076922
 148 1.5 1.55
 149 0.75 2.399999999999999
 150 3.085714285714285 2.807142857142856
 152 5.442857142857145 8.271428571428579
 155 4.124999999999999 8.625000000000011
 157 5.260000000000002 9.300000000000013
 159 1.4625 9.562500000000011
 161 4.124999999999999 9.546428571428583
 162 2.718749999999999 5.175000000000002
 163 5.014285714285715 5.742857142857146
 165 3.904545454545453 5.859090909090912
 166 4.35 5.850000000000003
 167 1.895454545454545 5.659090909090912
 168 0.7875000000000001 8.231250000000008
 169 1.7625 5.812500000000004
 171 0.9 7.050000000000006
 173 0.75 8.55000000000001
 174 3.899999999999999 5.475000000000002
 175 3.235714285714284 5.571428571428574
 177 5.850000000000003 9.300000000000011
 178 0.88125 8.156250000000009
 180 3.374999999999999 9.16500000000001
 183 4.35 5.850000000000003
 184 0.45 9.600000000000012
 185 1.4625 9.562500000000011
 187 0.75 7.650000000000007
 188 5.175000000000002 8.775000000000009
 193 4.55 5.850000000000004
 194 0.6549999999999998 5.620000000000003
 195 3.374999999999999 9.16500000000001
 197 1.284375 8.26875000000001
 198 3.374999999999999 9.16500000000001
 199 4.750000000000001 9.450000000000012
 201 8.85000000000001 2.999999999999999
 204 7.200000000000006 2.399999999999999
 206 6.525000000000005 2.324999999999999
 207 5.800000000000003 2.049999999999999
 208 5.800000000000003 2.049999999999999
 210 8.978571428571438 3.021428571428571
 211 7.350000000000007 1.2
 214 6.514285714285719 1.435714285714285
 215 5.681250000000002 2.437499999999999
 216 6.975000000000006 1.5
 217 5.250000000000001 2.474999999999999
 218 7.650000000000007 2.849999999999999
 219 6.468750000000005 3.693749999999999
 221 6.450000000000006 4.65
 222 8.841666666666676 1.616666666666667
 223 7.336363636363643 0.4636363636363637
 225 7.650000000000007 2.849999999999999
 226 6.750000000000005 4.35
 227 5.680000000000003 0.6899999999999999
 229 9.142500000000011 3.562499999999999
 230 9.081081081081091 2.485135135135134
 233 7.400000000000007 2
 234 7.050000000000006 3.074999999999999
 235 8.150000000000009 2.999999999999999
 236 8.980000000000011 3.399999999999999
 237 7.650000000000007 2.849999999999999
 238 7.931250000000007 1.48125
 239 6.056250000000005 4.40625
 241 6.300000000000004 2.399999999999999
 242 6.750000000000005 0.675
 244 7.590000000000008 0.48
 245 9.083333333333341 2.536666666666666
 246 8.250000000000009 0.6375000000000001
 248 6.900000000000006 3.299999999999999
 250 7.489285714285721 0.5357142857142857
 251 5.450000000000002 8.30000000000001
 252 8.516666666666675 9.400000000000013
 255 6.000000000000004 9.075000000000012
 256 7.527500000000006 5.912500000000003
 257 5.560000000000002 5.050000000000001
 258 6.225000000000004 8.175000000000008
 259 5.550000000000002 9.150000000000011
 260 6.150000000000004 9.450000000000012
 262 6.112500000000004 8.92500000000001
 263 5.560000000000002 5.050000000000001
 264 5.50714285714286 9.450000000000012
 265 6.825000000000006 8.250000000000009
 266 7.725000000000008 8.250000000000007
 267 6.450000000000006 9.000000000000009
 268 8.85000000000001 7.400000000000007
 270 7.500000000000007 9.525000000000013
 273 6.300000000000004 7.050000000000006
 274 5.575000000000003 5.850000000000004
 275 5.086764705882351 7.259558823529419
 276 8.895000000000012 6.435000000000005
 279 6.378947368421058 6.781578947368427
 280 7.440000000000007 8.43000000000001
 281 7.500000000000007 7.350000000000007
 282 8.92500000000001 9.375000000000011
 284 6.375000000000004 8.175000000000008
 286 6.750000000000005 7.650000000000007
 288 9.070588235294128 7.764705882352948
 290 5.300000000000002 5.933333333333337
 292 8.946666666666681 6.920000000000006
 293 6.000000000000004 8.70000000000001
 294 7.050000000000006 9.36000000000001
 295 7.680000000000007 7.260000000000007
 297 6.825000000000005 7.275000000000007
 298 8.22000000000001 6.765000000000005
 299 7.500000000000007 7.350000000000007
# name: Error_total
# type: scalar
0.6080796890713784
# name: size_EstimatedCoordinates_row
# type: scalar
133
