# Created by Octave 2.9.13, Sun Oct 28 13:52:54 2007 EDT <eagblanc@wha128>
# name: Estimatedcoordinates_tot
# type: matrix
# rows: 188
# columns: 3
 102 0.765 1.65
 103 1.56 4.8
 104 2.219999999999999 3.149999999999999
 106 3.344999999999999 2.04
 107 1.915714285714286 4.285714285714286
 109 4.634042553191489 3.153191489361701
 110 5.220000000000002 1.02
 111 3.003571428571429 1.5
 112 3.899999999999999 2.429999999999999
 113 2.699999999999999 5.550000000000002
 114 1.575 3.974999999999999
 115 0.9166666666666666 4.333333333333333
 116 2.999999999999999 2.399999999999999
 117 0.825 2.549999999999999
 119 2.606249999999999 4.106249999999999
 122 4.5 2.1
 123 3.664285714285714 0.4178571428571428
 124 2.624999999999999 5.475000000000001
 126 3.299999999999998 4.640000000000001
 127 0.9 5.025000000000001
 128 3.504545454545454 0.5727272727272725
 129 2.549999999999999 4.35
 130 0.65 3.799999999999999
 133 4.790000000000001 5.260000000000002
 134 0.45 4.5
 136 2.587499999999999 4.425
 137 0.6599999999999999 3.81
 138 0.6900000000000001 1.11
 139 0.3681818181818182 4.677272727272729
 140 0.48 0.54
 141 1.534615384615385 3.473076923076922
 142 3.419999999999999 2.774999999999999
 143 2.399999999999999 3.149999999999999
 145 1.096666666666667 1.633333333333333
 146 4.800000000000001 3.149999999999999
 147 2.839655172413794 4.505172413793104
 148 2.815384615384614 3.703846153846153
 150 2.549999999999999 4.199999999999999
 151 3.749999999999999 6.660000000000005
 152 5.613461538461541 7.292307692307697
 153 0.9346153846153848 7.100000000000005
 154 2.519999999999999 6.045000000000004
 155 2.1525 6.097500000000004
 162 1.5 9.450000000000012
 164 1.587499999999999 8.25625000000001
 165 2.279999999999999 6.360000000000005
 166 1.05 5.100000000000001
 167 4.149999999999999 7.750000000000007
 168 0.9 5.400000000000002
 170 1.8 8.250000000000009
 172 4.950000000000001 7.050000000000006
 174 0.4875 5.662500000000003
 175 0.3847826086956522 5.426086956521742
 178 4.35 7.650000000000007
 179 0.4999999999999998 7.69285714285715
 180 2.681249999999999 5.343750000000002
 181 3.937499999999999 8.51250000000001
 182 0.8906250000000001 6.271875000000005
 184 3.074999999999999 5.925000000000004
 188 3.299999999999999 6.150000000000004
 189 3.224999999999999 8.625000000000011
 190 0.3 5.750000000000003
 191 1.587499999999999 8.25625000000001
 192 1.5 9.450000000000012
 193 2.19 5.970000000000003
 194 2.699999999999999 5.775000000000003
 195 2.624999999999999 5.475000000000001
 196 3.599999999999999 6.075000000000005
 197 0.2181818181818182 5.631818181818184
 199 1.0875 9.131250000000012
 201 6.750000000000005 1.05
 202 6.360000000000004 2.369999999999999
 203 8.177027027027032 4.609459459459461
 204 5.100000000000001 2.1
 205 6.600000000000005 3.449999999999999
 206 9.450000000000012 3.749999999999999
 207 9.450000000000012 3.749999999999999
 209 7.130769230769237 0.2884615384615385
 210 5.700000000000003 4.049999999999999
 211 5.850000000000004 3.333333333333332
 212 5.775000000000003 3.149999999999999
 213 7.564285714285722 1.05
 214 6.725000000000005 0.725
 215 4.860000000000001 1.98
 216 5.676315789473684 4.168421052631579
 217 5.850000000000003 4.224
 219 6.525000000000005 1.275
 222 7.005000000000005 3.442499999999998
 223 7.090384615384621 0.5538461538461539
 225 4.950000000000001 2.699999999999999
 226 6.750000000000005 1.05
 230 9.462500000000011 4.987500000000002
 231 5.700000000000003 3.599999999999999
 232 7.564285714285722 1.05
 233 6.000000000000004 0.825
 234 5.160000000000002 5.250000000000002
 237 8.403750000000011 3.352499999999999
 238 6.300000000000004 2.25
 240 4.860000000000001 1.98
 241 5.100000000000001 1.564285714285715
 242 7.050000000000006 0.75
 246 5.550000000000002 1.05
 247 5.730000000000002 4.35
 250 6.750000000000005 0.9
 251 8.400000000000011 9.750000000000012
 252 8.325000000000008 8.730000000000009
 253 7.200000000000006 9.150000000000011
 254 7.138235294117653 6.838235294117652
 255 8.37000000000001 9.540000000000012
 256 9.462500000000011 4.987500000000002
 257 5.500000000000003 6.775000000000006
 261 7.500000000000007 8.70000000000001
 264 7.950000000000007 6.050000000000004
 267 9.150000000000011 6.300000000000004
 268 7.406250000000006 5.662500000000002
 269 9.113076923076939 8.907692307692315
 270 9.270000000000012 5.700000000000003
 271 6.300000000000004 7.125000000000006
 272 6.300000000000004 7.125000000000006
 273 5.532352941176473 8.311764705882362
 275 7.92272727272728 9.25909090909092
 276 9.300000000000011 5.850000000000004
 279 5.935714285714288 7.146428571428579
 280 5.456250000000002 8.64375000000001
 282 9.000000000000011 5.335714285714287
 283 5.250000000000002 6.600000000000005
 284 7.138235294117653 6.838235294117652
 285 6.342857142857147 7.307142857142864
 286 9.300000000000011 5.850000000000004
 287 8.111538461538471 9.35769230769232
 288 6.352941176470592 7.676470588235302
 289 6.300000000000004 7.500000000000007
 290 5.700000000000005 8.676000000000009
 291 6.812500000000006 8.63750000000001
 294 6.342857142857147 7.307142857142864
 295 7.375000000000007 5.675000000000002
 296 6.870000000000006 8.65500000000001
 297 7.800000000000008 8.85000000000001
 298 5.737500000000003 9.337500000000011
 299 9.012500000000006 6.775000000000005
 300 6.900000000000006 7.425000000000007
 101 2.839999999999999 0.6599999999999999
 105 4.35 4.35
 108 0.45 1.125
 118 5.418750000000002 0.28125
 120 2.999999999999999 0.9
 121 1.5 1.5
 125 0.525 0.75
 131 0.9 1.65
 132 4.049999999999999 1.275
 135 1.65 2.25
 156 2.699999999999999 8.85000000000001
 157 2.449999999999999 7.100000000000006
 158 1.05 6.150000000000004
 161 0.8624999999999999 8.343750000000009
 171 0.8624999999999999 8.343750000000009
 173 1.05 6.300000000000004
 176 2.399999999999999 7.200000000000006
 177 5.400000000000002 8.85000000000001
 183 4.199999999999999 8.475000000000009
 185 1.095 8.460000000000012
 186 1.95 7.050000000000006
 187 3.299999999999999 8.55000000000001
 200 2.399999999999999 6.900000000000006
 221 5.550000000000002 5.100000000000001
 224 8.225000000000009 3.324999999999999
 227 4.875000000000001 5.100000000000001
 228 7.500000000000007 1.2
 235 7.200000000000006 2.399999999999999
 239 8.460000000000012 1.26
 243 6.900000000000006 0.75
 244 9.428571428571441 5.464285714285716
 245 6.930000000000005 4.139999999999999
 248 9.450000000000012 5.100000000000001
 249 9.150000000000011 4.575
 258 6.750000000000005 5.925000000000004
 259 9.085714285714296 7.789285714285723
 260 8.250000000000009 9.750000000000012
 262 9.468750000000012 8.70000000000001
 263 9.225000000000012 9.675000000000011
 265 9.293181818181829 7.977272727272735
 266 8.85000000000001 7.350000000000006
 274 8.97500000000001 7.225000000000006
 277 8.325000000000008 9.487500000000011
 278 9.675000000000013 6.562500000000005
 281 8.70000000000001 7.800000000000008
 292 9.150000000000011 6.600000000000005
 293 9.300000000000011 5.700000000000003
