# Created by Octave 2.9.13, Thu Oct 11 01:46:15 2007 EDT <eagblanc@dol27>
# name: Estimatedcoordinates
# type: matrix
# rows: 83
# columns: 3
 81 1.5 2
 82 3.25 1.25
 83 3 5.25
 84 4.5 2
 85 4.5 0.75
 86 1.75 1.75
 91 2 2.75
 96 4.5 2.333333333333333
 99 3.5 2
 102 2 3
 103 4.833333333333333 1.166666666666667
 113 1.833333333333333 2.5
 115 4.5 2.5
 118 4 3
 119 4.5 2
 125 2.25 3.75
 126 4 1.5
 127 3.25 1.25
 130 3.5 1.5
 133 1 9
 135 5.5 6.5
 139 1 7
 140 0.875 6.125
 144 1.25 7.25
 147 2.5 5.5
 148 3 6.666666666666667
 150 2 6
 153 4 6.5
 155 5 9.25
 156 1 7
 158 1 8
 160 5 6.5
 168 3 4.5
 170 3.5 5
 171 3.5 5.5
 177 1.5 7.5
 180 1.166666666666667 6.666666666666667
 181 7.5 1.5
 185 8 4
 187 8.5 2.5
 188 7.75 3.25
 192 7.5 1.5
 193 5 1
 196 7.5 1
 200 8.4 2
 201 9 2.5
 202 8.5 2
 203 8 1
 205 7 1.666666666666667
 208 8 2
 209 8.5 3.5
 211 7.5 1.75
 214 8.625 1
 217 9 3
 223 5 2
 226 7.666666666666667 3.333333333333333
 228 8 4
 229 7.5 1.5
 230 9 3.5
 231 6.5 6.333333333333333
 232 5 9
 235 7.75 7.25
 237 7.5 6.5
 238 8.75 6.5
 240 9 7
 251 7 6.5
 253 5.333333333333333 6.333333333333333
 254 4.5 6.5
 256 6.75 6.5
 258 9.5 7.25
 260 5 9
 261 8.5 6.5
 263 8.5 6.75
 265 9 6.5
 267 8 8.5
 268 7.5 6.5
 269 7.5 6.5
 270 9 6.5
 272 7 5
 274 6.5 6.5
 275 6.166666666666667 7.166666666666667
 276 5.25 6
 279 9.333333333333334 7.166666666666667
# name: Error_1
# type: scalar
0.7605134933321013
# name: size_EstimatedCoordinates_row
# type: scalar
83
