# Created by Octave 2.9.13, Mon Oct 22 01:28:35 2007 EDT <eagblanc@dol32>
# name: Estimatedcoordinates_tot
# type: matrix
# rows: 172
# columns: 3
 82 3 4.5
 83 2.5 1
 84 4 1.75
 85 2.666666666666667 4.833333333333333
 87 2.5 1
 88 3.5 4.25
 89 3.5 1.5
 90 4 4.5
 91 1.833333333333333 1.333333333333333
 93 3 1.5
 96 3.5 2
 98 3.25 3
 99 3.5 1.5
 100 3.5 1.5
 101 2.75 0.75
 103 4.166666666666667 5.333333333333333
 113 2 2
 115 4 1
 118 2.5 4.5
 122 1.75 0.75
 125 2 0.5
 128 3.5 5.5
 129 3 1.5
 133 2.5 9
 134 2.666666666666667 8.5
 137 2 8.75
 142 1.75 7.5
 153 2.625 8.625
 154 1.5 8.5
 158 4 5.5
 160 4.5 9.5
 161 1 9
 162 2 8.5
 165 5 8.75
 167 3 5
 168 2 8
 169 4.25 6
 171 4 5.833333333333333
 173 1.5 8.5
 174 4 5
 176 4.333333333333333 8.75
 178 3.5 9.5
 180 1.75 7.5
 185 5.25 4.5
 188 6.5 3.5
 189 6 3
 191 6 2.25
 194 6 2.25
 198 6.5 4.5
 199 7 1.5
 200 6.5 3
 202 7 1.5
 203 7 1.5
 204 5.5 5.5
 205 5.75 4.75
 211 5.25 4.5
 213 7.5 4
 214 7 4
 215 6 3
 219 9 3
 221 8.666666666666666 3
 224 6.5 4
 225 6.5 3.5
 228 6.5 4
 231 9.25 9.25
 232 6 5
 235 5 6
 237 8.5 7.75
 240 6 5
 241 6 8.5
 242 9 9.5
 243 8.75 9
 245 6.25 6
 246 6.5 5
 249 6 8.5
 251 5.25 6
 252 8.75 9.25
 253 4.75 6.5
 256 5.5 9
 257 6.5 8.75
 259 5 6.5
 260 6 7
 262 6.5 5
 264 6.5 5
 267 5.5 9
 270 5.5 7.5
 271 6.25 5.5
 278 7.625 8.625
 280 6 8
 81 1.5 0.5
 92 5 1
 94 3.5 3.5
 95 1 1
 104 3.5 4.5
 106 2 1
 107 1.5 1
 108 1.5 0.5
 110 2.5 4
 112 4 2.5
 114 4 5.5
 117 2.5 4
 119 1.5 1
 120 3 3.5
 121 5.25 2
 124 4 3.5
 126 4 4
 130 4.5 4
 131 2 7.5
 132 0.5 7.5
 135 2 9.5
 136 1 8
 138 1.75 9.5
 139 3.5 5
 140 4 9
 141 3 8.5
 143 5 9
 144 2 8
 145 0.5 7
 146 2.5 4.5
 147 2 9.5
 148 5 5.5
 151 1.75 7
 152 1.5 8
 155 3.25 7.75
 156 1.5 8.5
 157 2.5 8.5
 159 2.5 9
 164 4.5 6.5
 172 2.5 9.5
 175 0.5 7.5
 177 4.5 4.5
 179 4.5 8.5
 181 5.5 2
 182 8.5 1.25
 183 4.5 2
 184 7.5 3
 190 8 4
 196 5.5 2.5
 197 8 2
 201 5.5 2
 206 8 3.5
 207 5.5 0.6666666666666666
 209 7.5 0.75
 210 9 3
 212 7 1
 216 7 2
 218 6.5 1.5
 220 7.25 0.875
 222 7 1
 223 8.333333333333334 5.166666666666667
 226 7 3.5
 227 6 3
 229 8.5 5
 230 9 3
 233 5.5 8.5
 234 8.25 7
 236 8 8
 239 8 4.5
 248 6.5 5.5
 250 6.5 6
 258 7 5.5
 261 7.25 9
 263 6.5 7
 265 9 9
 266 9.5 9
 269 6 9.5
 273 8.5 9.5
 274 5.5 6.5
 275 7 7.5
 276 7 5.5
 277 5.5 4.5
 279 5.5 9.5
# name: Estimatedcoordinates2
# type: matrix
# rows: 83
# columns: 3
 81 1.5 0.5
 92 5 1
 94 3.5 3.5
 95 1 1
 104 3.5 4.5
 106 2 1
 107 1.5 1
 108 1.5 0.5
 110 2.5 4
 112 4 2.5
 114 4 5.5
 117 2.5 4
 119 1.5 1
 120 3 3.5
 121 5.25 2
 124 4 3.5
 126 4 4
 130 4.5 4
 131 2 7.5
 132 0.5 7.5
 135 2 9.5
 136 1 8
 138 1.75 9.5
 139 3.5 5
 140 4 9
 141 3 8.5
 143 5 9
 144 2 8
 145 0.5 7
 146 2.5 4.5
 147 2 9.5
 148 5 5.5
 151 1.75 7
 152 1.5 8
 155 3.25 7.75
 156 1.5 8.5
 157 2.5 8.5
 159 2.5 9
 164 4.5 6.5
 172 2.5 9.5
 175 0.5 7.5
 177 4.5 4.5
 179 4.5 8.5
 181 5.5 2
 182 8.5 1.25
 183 4.5 2
 184 7.5 3
 190 8 4
 196 5.5 2.5
 197 8 2
 201 5.5 2
 206 8 3.5
 207 5.5 0.6666666666666666
 209 7.5 0.75
 210 9 3
 212 7 1
 216 7 2
 218 6.5 1.5
 220 7.25 0.875
 222 7 1
 223 8.333333333333334 5.166666666666667
 226 7 3.5
 227 6 3
 229 8.5 5
 230 9 3
 233 5.5 8.5
 234 8.25 7
 236 8 8
 239 8 4.5
 248 6.5 5.5
 250 6.5 6
 258 7 5.5
 261 7.25 9
 263 6.5 7
 265 9 9
 266 9.5 9
 269 6 9.5
 273 8.5 9.5
 274 5.5 6.5
 275 7 7.5
 276 7 5.5
 277 5.5 4.5
 279 5.5 9.5
# name: Error_2
# type: scalar
0.7703935707117238
# name: Error_total
# type: scalar
0.7510280552437979
# name: size_EstimatedCoordinates_row
# type: scalar
83
