# Created by Octave 2.9.13, Sun Oct 21 21:27:16 2007 EDT <eagblanc@wha544>
# name: Estimatedcoordinates
# type: matrix
# rows: 93
# columns: 3
 82 2.25 2.25
 89 1.5 2
 90 2 3
 91 2.25 1.5
 95 4.833333333333333 4.333333333333333
 96 3 1
 97 1.333333333333333 1.166666666666667
 99 1.5 3.5
 102 2 3
 107 2 3
 110 1.5 3.5
 112 1.5 3
 114 2 3.5
 115 1.5 4
 117 4.833333333333333 3.833333333333333
 118 1.5 4.5
 120 2 2.5
 129 1.5 2.5
 132 1.75 6.25
 135 2.75 7.75
 136 1.333333333333333 5.5
 141 2.5 7.5
 142 2.25 7.5
 143 2.5 7.5
 146 2.166666666666667 8.333333333333334
 148 2 6.5
 149 2 6.5
 150 2.5 8
 152 4.5 6.5
 154 1.833333333333333 7
 156 1 6
 157 1 5
 158 1 6
 159 2.25 8.5
 160 2.5 8.333333333333334
 161 1 5
 164 2 6.5
 166 1.5 6.5
 167 4.5 6.5
 168 3.25 8.5
 169 2.5 8
 172 2.75 8
 174 4 6.5
 176 4.5 5.25
 177 2.5 8
 181 6.5 2
 182 8 1.5
 185 5.5 2
 187 8 1.5
 188 7.5 1
 189 6.5 2
 190 6.5 2
 192 7.5 1
 193 7.5 1.5
 202 9.25 2
 204 8.5 2.75
 205 6.5 2
 208 5.75 4.25
 209 7.25 1
 210 8.5 3.5
 211 5.666666666666667 5
 212 5.5 4.5
 216 7.5 1.5
 218 9.25 1.25
 219 8.375 1.25
 220 4.833333333333333 4.333333333333333
 221 7.5 1.5
 225 5.7 3.1
 229 5 5
 230 5.833333333333333 3.333333333333333
 233 8.5 9
 234 9.25 8
 239 7.333333333333333 8.666666666666666
 242 7.5 9
 243 7.5 8.5
 244 9 8.5
 245 5 6
 247 5.625 7.125
 248 9 8
 251 9 8
 254 8.666666666666666 6.833333333333333
 262 6 6
 263 6.666666666666667 8.666666666666666
 264 8.5 8.25
 265 6.666666666666667 7.333333333333333
 267 9.25 8.5
 270 5.5 6
 271 5.75 5.75
 274 7.333333333333333 8.666666666666666
 275 5 6
 276 6.5 8.5
 278 6.666666666666667 7.333333333333333
 279 9.5 8.5
# name: Error_1
# type: scalar
0.7071307651720166
# name: size_EstimatedCoordinates_row
# type: scalar
93
