# Created by Octave 2.9.13, Sun Oct 21 19:25:32 2007 EDT <eagblanc@wha12>
# name: Estimatedcoordinates
# type: matrix
# rows: 91
# columns: 3
 81 4 3
 83 5 2.5
 86 5 1.75
 87 4 4.5
 90 1.875 1.875
 92 1 2.5
 93 4.75 1.5
 94 4.5 1.5
 95 2 3.5
 97 4.375 2.75
 99 1.416666666666667 2.166666666666667
 102 4.5 5
 109 4.5 4
 110 3.75 2.5
 113 4.5 2.75
 117 3.5 3.5
 120 2 3
 121 4.5 1.75
 127 4 3.5
 128 2 2
 130 1.142857142857143 2.5
 131 1.75 7
 133 3.5 6.5
 134 3.5 5.5
 135 1 6.5
 138 1 6.75
 139 0.75 8.25
 147 1.666666666666667 7.666666666666667
 148 3.833333333333333 5.833333333333333
 152 3.5 7.5
 153 5.25 5
 154 3.833333333333333 6.166666666666667
 155 1 6.75
 157 3.5 6.5
 158 1 8
 159 4.5 6.5
 162 3.5 6.5
 164 4.5 5.5
 166 4.5 5.75
 167 1.833333333333333 5
 169 1 7.5
 172 0.5 7.25
 173 1.25 9
 180 4.5 4.75
 182 8.666666666666666 1.333333333333333
 186 5 1.5
 189 6 3.5
 190 5.5 4.8
 191 5.5 1.5
 192 7 4.333333333333333
 199 6.5 2
 201 9 3.5
 203 6.5 1.5
 207 5.5 3.5
 209 7.25 4.25
 211 6 2
 215 8.699999999999999 3
 216 7.5 3
 217 5.25 3.5
 218 7.05 2.55
 219 6 4.5
 220 4.5 2
 221 9 3
 223 5.75 3
 224 6.5 2
 225 7.5 2
 226 8 2
 230 8.166666666666666 1.333333333333333
 231 7.5 9.25
 239 8 6
 240 7 8.5
 241 5.5 5.5
 243 5.75 9
 245 7.5 6
 247 7.5 9.25
 249 8 5.5
 250 6.25 9.25
 251 5.75 9
 257 4.5 5
 261 6 5.25
 262 6.75 9
 264 7.583333333333333 7
 265 7 8.5
 266 7.25 5.75
 267 8.166666666666666 7.166666666666667
 268 5.75 9
 269 6 5.5
 275 8 8.5
 277 8.75 6.5
 279 6.833333333333333 8
 280 6.5 8.75
# name: Error_1
# type: scalar
0.6853539951684349
# name: size_EstimatedCoordinates_row
# type: scalar
91
