# Created by Octave 2.9.13, Wed Oct 10 14:39:02 2007 EDT <eagblanc@dol25>
# name: Estimatedcoordinates
# type: matrix
# rows: 43
# columns: 3
 172 1 8
 174 1 8.5
 176 3.5 8.75
 178 5 9.5
 180 1 8
 182 7.5 0.5
 184 8 2
 187 5.375 1.5
 190 8.375 1.625
 194 8.75 1.5
 202 8.25 1
 203 5 2.25
 206 5.5 1.25
 208 9 1.75
 211 9 5
 217 5 2
 222 6.5 3.4
 223 9 5
 225 8.5 2.25
 226 4.5 2.5
 227 9.25 5.25
 231 7.5 7
 238 8 8
 239 7 7.5
 240 9 5.5
 241 7.5 7
 243 6 7.5
 246 7 7.5
 247 8.5 6.5
 248 5.5 8
 249 6 8
 255 8 8
 256 8 8
 257 6 7.5
 259 7.5 6.5
 260 5.833333333333333 7.666666666666667
 262 8.5 8.375
 272 8.5 7.5
 273 8 8
 274 8.5 8
 275 7 7
 276 8.5 7.25
 278 8.5 7.5
# name: Error_1
# type: scalar
0.7229852074921597
# name: size_EstimatedCoordinates_row
# type: scalar
43
