# Created by Octave 2.9.13, Wed Oct 10 20:19:43 2007 EDT <eagblanc@dol27>
# name: Estimatedcoordinates
# type: matrix
# rows: 92
# columns: 3
 81 2.7 4.7
 82 3.5 3.5
 84 5 1
 85 4 2.5
 87 2.5 5
 88 1.25 1.75
 91 4.5 1
 92 4 1.5
 93 4.166666666666667 2.666666666666667
 95 4 4.5
 98 4 1.5
 99 3 4
 103 3.25 1.5
 105 4.5 2
 106 2.5 3.25
 107 4 2
 109 4 3.5
 110 3.5 4
 116 3.25 3.5
 120 3 2
 121 3 3
 123 5 1.5
 125 1.25 1.75
 127 1.833333333333333 2.666666666666667
 130 4 1
 133 1.5 9
 134 1.5 8.75
 136 3 8.5
 137 1.5 8
 138 5.5 8
 140 3.25 7.5
 141 2.5 8.5
 147 1.25 6.25
 148 2.75 8
 150 3 7.166666666666667
 152 0.75 8.5
 153 3 8.5
 154 2.5 9
 155 2 9.25
 158 5 8
 159 1.625 8.375
 161 2 7
 162 3 7.5
 166 1.5 6.5
 168 2 9
 169 2 8.5
 170 2.666666666666667 7.166666666666667
 171 3.5 8.5
 172 2 7.5
 176 1 8
 177 1.75 6.75
 187 8.25 0.5
 188 5.25 1.25
 189 8.833333333333334 3.166666666666667
 190 8 3.5
 191 7.833333333333333 3.166666666666667
 193 8.5 5.25
 195 5.5 1.5
 198 6.5 1.5
 199 7.2 2.5
 203 6.5 2
 204 9.5 5
 205 9 4.5
 206 7.5 0.5
 207 5.5 1.5
 208 5.5 2
 209 9 3.25
 211 9 5
 212 6 2
 218 6.75 2
 219 8.5 4
 221 4.5 0.5
 222 5.833333333333333 0.6666666666666666
 224 8.5 4
 225 9 4
 226 6 2
 233 9.5 6
 237 9.5 7
 241 9.5 6.5
 243 7 7.25
 244 8 7
 245 8 6
 247 8.75 6.25
 250 4.75 7.5
 253 6 8.5
 256 8.5 6.5
 261 5 8.5
 262 6 8
 273 8 6
 274 6.5 7.5
 277 8 6.5
 280 8.5 6.25
# name: Error_1
# type: scalar
0.7098523936671497
# name: size_EstimatedCoordinates_row
# type: scalar
92
