# Created by Octave 2.9.13, Sun Oct 21 23:33:31 2007 EDT <eagblanc@wha581>
# name: Estimatedcoordinates
# type: matrix
# rows: 88
# columns: 3
 81 5 2
 83 5 1.5
 84 0.5 4
 85 3.5 4.5
 86 2 0.5
 87 4.5 3.5
 91 1.5 0.5
 93 5.5 5.5
 96 4.5 2.5
 98 5 5.5
 99 1 3.5
 101 2.25 0.75
 105 3.5 6
 109 0.75 4.25
 113 0.5 2.5
 114 1 4.5
 116 3.5 5.5
 117 4.5 2
 118 4 5
 119 4.5 2.5
 123 5 3.5
 124 2 1.25
 131 0.75 6.25
 132 1.666666666666667 5.666666666666667
 133 1 7.25
 138 0.5 7.5
 141 1 6
 144 1.1 6.7
 148 3.666666666666667 5.166666666666667
 149 1.5 8.5
 153 3.5 5
 155 3 6
 157 1 7.5
 159 3.5 5
 162 2.5 6
 163 4.166666666666667 5.166666666666667
 165 1 7
 171 1 6.1
 173 4.25 5.25
 174 5.5 6
 180 3 5.75
 181 7.7 3.4
 186 5.75 2
 187 5.5 3
 188 6 2.5
 190 4.5 5.5
 192 7.75 4.75
 193 7 1.5
 194 9.5 4.5
 197 6 4.5
 198 5.5 2
 199 6 2.5
 200 5 2
 203 6.25 3.25
 205 8.5 4.75
 206 5 5
 208 9.5 4.5
 209 7.5 1
 210 5.75 2
 211 9.5 5
 212 7.75 3.5
 213 5 2.5
 225 6.5 2.5
 227 7 4
 228 5 1.5
 232 5 5.5
 234 7.5 5
 235 8.5 5
 237 9 5.5
 239 9.5 5
 241 9 5.5
 243 6 6.5
 247 6 6.5
 250 5.75 6.5
 253 9.5 5
 255 5.5 6.5
 256 9 5.5
 257 7 7.5
 260 7.5 6
 266 5 6
 267 7 6
 268 4.5 5.5
 269 7 6.5
 270 6 6.5
 273 9.5 5
 277 5.75 8.25
 279 9 5.5
 280 5.5 6.5
# name: Error_1
# type: scalar
0.722965383430364
# name: size_EstimatedCoordinates_row
# type: scalar
88
