# Created by Octave 2.9.13, Wed Oct 10 13:22:06 2007 EDT <eagblanc@dol25>
# name: Estimatedcoordinates
# type: matrix
# rows: 77
# columns: 3
 81 1.5 3.5
 83 3 2.75
 85 3.4 2.9
 92 4 1.5
 94 1 2.75
 96 1.5 4.5
 101 0.5 0.5
 102 2 3.5
 105 2 3
 108 2.5 3
 110 0.5 1.25
 113 1 3.5
 114 1.25 0.5
 115 1 3
 118 3.4 2.9
 121 0.5 0.5
 122 1 2.75
 126 1 4
 129 1.5 4.25
 131 2 7.75
 132 5.5 8.5
 133 4 6.5
 134 1 8.5
 136 1 5
 138 0.75 6.25
 139 4.222222222222222 6.388888888888889
 141 4.166666666666667 7.166666666666667
 143 1.5 9
 149 2.5 6.5
 152 1.5 7.5
 160 1.875 6.875
 163 0.5 8
 165 1.9 7.4
 167 3.666666666666667 6.833333333333333
 169 1 5
 170 0.5 8
 171 1.833333333333333 8.333333333333334
 172 0.875 6.375
 173 2.25 6.5
 180 4.5 7.071428571428571
 181 7 2.5
 182 7 3.5
 183 6.75 0.5
 186 6.75 4
 187 7.75 1
 192 7.5 3.25
 196 7.666666666666667 0.6666666666666666
 199 7.5 2.25
 206 8 1.5
 209 7.5 2
 215 8 1.5
 222 8 1
 223 7.75 1.75
 226 6.5 3.5
 227 8.5 1
 232 6.166666666666667 7.833333333333333
 233 6.5 9
 234 6.75 9
 236 8.5 7.5
 238 4.5 7.5
 240 7.25 8.25
 241 8 7.25
 246 6.916666666666667 8.333333333333334
 248 8.5 8
 249 8.5 8.75
 255 8.5 8.75
 256 8.5 8
 257 8.285714285714286 7.928571428571429
 262 6 8.5
 263 8.75 8.25
 267 8.333333333333334 9.166666666666666
 268 6.75 9
 269 8.5 9
 274 9.166666666666666 6.333333333333333
 276 5.4 7.4
 278 8.5 8
 279 5.25 7.25
# name: Error_1
# type: scalar
0.6375211004327314
# name: size_EstimatedCoordinates_row
# type: scalar
77
