# Created by Octave 2.9.13, Thu Oct 11 01:59:23 2007 EDT <eagblanc@dol27>
# name: Estimatedcoordinates_tot
# type: matrix
# rows: 176
# columns: 3
 81 1.5 2
 82 3.25 1.25
 83 3 5.25
 84 4.5 2
 85 4.5 0.75
 86 1.75 1.75
 91 2 2.75
 96 4.5 2.333333333333333
 99 3.5 2
 102 2 3
 103 4.833333333333333 1.166666666666667
 113 1.833333333333333 2.5
 115 4.5 2.5
 118 4 3
 119 4.5 2
 125 2.25 3.75
 126 4 1.5
 127 3.25 1.25
 130 3.5 1.5
 133 1 9
 135 5.5 6.5
 139 1 7
 140 0.875 6.125
 144 1.25 7.25
 147 2.5 5.5
 148 3 6.666666666666667
 150 2 6
 153 4 6.5
 155 5 9.25
 156 1 7
 158 1 8
 160 5 6.5
 168 3 4.5
 170 3.5 5
 171 3.5 5.5
 177 1.5 7.5
 180 1.166666666666667 6.666666666666667
 181 7.5 1.5
 185 8 4
 187 8.5 2.5
 188 7.75 3.25
 192 7.5 1.5
 193 5 1
 196 7.5 1
 200 8.4 2
 201 9 2.5
 202 8.5 2
 203 8 1
 205 7 1.666666666666667
 208 8 2
 209 8.5 3.5
 211 7.5 1.75
 214 8.625 1
 217 9 3
 223 5 2
 226 7.666666666666667 3.333333333333333
 228 8 4
 229 7.5 1.5
 230 9 3.5
 231 6.5 6.333333333333333
 232 5 9
 235 7.75 7.25
 237 7.5 6.5
 238 8.75 6.5
 240 9 7
 251 7 6.5
 253 5.333333333333333 6.333333333333333
 254 4.5 6.5
 256 6.75 6.5
 258 9.5 7.25
 260 5 9
 261 8.5 6.5
 263 8.5 6.75
 265 9 6.5
 267 8 8.5
 268 7.5 6.5
 269 7.5 6.5
 270 9 6.5
 272 7 5
 274 6.5 6.5
 275 6.166666666666667 7.166666666666667
 276 5.25 6
 279 9.333333333333334 7.166666666666667
 88 4 1
 89 4 1
 90 1.5 0.5
 93 2.5 2
 95 3 1.5
 97 1 4
 98 2.75 4.25
 100 1.5 1
 101 1.5 1
 104 1 3
 105 1 3.5
 107 1 3.75
 108 4.5 1
 110 1.5 2.5
 111 4 1.5
 114 1.5 1.5
 116 2.5 1.5
 117 2 2.75
 121 1 3.5
 122 3.5 1
 124 1.5 1.5
 129 3.5 0.75
 134 0.6666666666666666 8.666666666666666
 136 2 7.5
 137 3.5 5.5
 138 1 7
 141 1.5 5.5
 142 1.5 7.833333333333333
 145 3 6
 146 3.75 6.75
 149 3.5 5.5
 152 3.5 7
 157 4.5 6
 161 3 6
 162 2.5 6.5
 163 1.5 7.5
 164 1 9
 165 0.75 6.5
 167 1 8.5
 169 1 7.5
 174 1 9
 176 4.5 7.5
 178 3 4.5
 179 4.666666666666667 7.166666666666667
 182 4.5 1.5
 183 8.5 5
 184 7 1
 186 6 5.5
 189 7.25 1
 190 6.5 1
 191 6.75 0.5
 194 6.5 5.5
 195 7.5 3.5
 197 6.75 3.25
 198 6.5 1
 199 9 4
 204 7.5 3
 206 8 1.5
 207 8.5 1.5
 210 8.5 2
 212 9 3
 213 4.5 1
 215 8.5 1.5
 216 7.5 4
 218 4.5 1
 219 4.5 1.5
 221 9 4
 222 4.5 3
 224 7.5 2
 225 6 1
 227 8.5 2.5
 233 9 8.25
 234 8 8
 239 9 6.5
 241 6.5 6
 242 9.5 5.25
 243 5 8
 245 5 7
 246 8.5 8.5
 248 5.25 7.5
 249 8 6
 250 8 8
 252 6 5.5
 255 6 9
 259 5.25 6.5
 262 8.5 7
 264 9 7
 266 6.5 7
 271 5 9
 273 6 7.5
 277 6.25 8.25
 278 7.75 8.5
 280 8 7
# name: Estimatedcoordinates2
# type: matrix
# rows: 93
# columns: 3
 88 4 1
 89 4 1
 90 1.5 0.5
 93 2.5 2
 95 3 1.5
 97 1 4
 98 2.75 4.25
 100 1.5 1
 101 1.5 1
 104 1 3
 105 1 3.5
 107 1 3.75
 108 4.5 1
 110 1.5 2.5
 111 4 1.5
 114 1.5 1.5
 116 2.5 1.5
 117 2 2.75
 121 1 3.5
 122 3.5 1
 124 1.5 1.5
 129 3.5 0.75
 134 0.6666666666666666 8.666666666666666
 136 2 7.5
 137 3.5 5.5
 138 1 7
 141 1.5 5.5
 142 1.5 7.833333333333333
 145 3 6
 146 3.75 6.75
 149 3.5 5.5
 152 3.5 7
 157 4.5 6
 161 3 6
 162 2.5 6.5
 163 1.5 7.5
 164 1 9
 165 0.75 6.5
 167 1 8.5
 169 1 7.5
 174 1 9
 176 4.5 7.5
 178 3 4.5
 179 4.666666666666667 7.166666666666667
 182 4.5 1.5
 183 8.5 5
 184 7 1
 186 6 5.5
 189 7.25 1
 190 6.5 1
 191 6.75 0.5
 194 6.5 5.5
 195 7.5 3.5
 197 6.75 3.25
 198 6.5 1
 199 9 4
 204 7.5 3
 206 8 1.5
 207 8.5 1.5
 210 8.5 2
 212 9 3
 213 4.5 1
 215 8.5 1.5
 216 7.5 4
 218 4.5 1
 219 4.5 1.5
 221 9 4
 222 4.5 3
 224 7.5 2
 225 6 1
 227 8.5 2.5
 233 9 8.25
 234 8 8
 239 9 6.5
 241 6.5 6
 242 9.5 5.25
 243 5 8
 245 5 7
 246 8.5 8.5
 248 5.25 7.5
 249 8 6
 250 8 8
 252 6 5.5
 255 6 9
 259 5.25 6.5
 262 8.5 7
 264 9 7
 266 6.5 7
 271 5 9
 273 6 7.5
 277 6.25 8.25
 278 7.75 8.5
 280 8 7
# name: Error_2
# type: scalar
0.793034931063205
# name: Error_total
# type: scalar
0.7778675453212159
# name: size_EstimatedCoordinates_row
# type: scalar
93
