# Created by Octave 2.9.13, Wed Oct 10 14:51:16 2007 EDT <eagblanc@dol25>
# name: Estimatedcoordinates_tot
# type: matrix
# rows: 129
# columns: 3
 172 1 8
 174 1 8.5
 176 3.5 8.75
 178 5 9.5
 180 1 8
 182 7.5 0.5
 184 8 2
 187 5.375 1.5
 190 8.375 1.625
 194 8.75 1.5
 202 8.25 1
 203 5 2.25
 206 5.5 1.25
 208 9 1.75
 211 9 5
 217 5 2
 222 6.5 3.4
 223 9 5
 225 8.5 2.25
 226 4.5 2.5
 227 9.25 5.25
 231 7.5 7
 238 8 8
 239 7 7.5
 240 9 5.5
 241 7.5 7
 243 6 7.5
 246 7 7.5
 247 8.5 6.5
 248 5.5 8
 249 6 8
 255 8 8
 256 8 8
 257 6 7.5
 259 7.5 6.5
 260 5.833333333333333 7.666666666666667
 262 8.5 8.375
 272 8.5 7.5
 273 8 8
 274 8.5 8
 275 7 7
 276 8.5 7.25
 278 8.5 7.5
 82 3.75 3
 83 3.25 2
 84 2.666666666666667 2
 85 4 3.25
 87 4.25 1.5
 88 1.785714285714286 3.214285714285714
 89 3 0.8333333333333334
 90 4.5 3
 94 2 2
 95 2 1.75
 97 3.5 3.5
 98 4.5 2
 104 1.5 2.625
 106 4.5 2.5
 108 4 2.25
 113 3 1
 114 3.25 1
 116 3 0.5
 117 4 1
 122 4 1
 123 1.571428571428571 2.5
 127 2.785714285714286 0.7857142857142857
 129 0.5 4.5
 130 3 2.5
 131 2 6.5
 132 1.5 9
 137 2.25 8.25
 139 1.5 8
 140 3.75 8
 141 4.5 7.75
 143 3.666666666666667 7.333333333333333
 145 1.5 7.5
 147 1 7.5
 148 2 6.5
 150 1 9
 152 0.5 8
 154 3.5 8.5
 156 1.5 8.75
 157 1.25 7
 158 1 7.5
 160 1.5 8.5
 163 3.5 9
 164 3.25 6.5
 167 2.5 9
 168 3.5 9.5
 169 4.75 8.25
 170 1.5 8.5
 179 0.5 7.5
 181 9 1
 185 6 3
 186 9 5.5
 188 6.375 3.875
 189 5.5 3.5
 191 5.5 2
 196 8 1.25
 197 6.5 3
 198 8.5 3
 201 6 3
 204 6 2.5
 205 8.5 5.5
 207 6.75 4
 209 9 1.5
 210 6.5 1.5
 213 9 4.5
 215 6 3
 216 9 1.5
 218 8.5 5
 219 9 2
 221 9 5
 224 8 4
 228 7.5 0.5
 229 6 3.5
 230 5.5 1
 232 8.5 8
 233 7.75 8.5
 234 8 8
 237 8 6
 242 9 8.5
 245 9 8
 250 7.5 6
 251 6.75 7.75
 253 7.5 8.5
 254 8.5 7.5
 263 7 6.5
 268 9 8.25
 270 7.5 5.5
# name: Estimatedcoordinates2
# type: matrix
# rows: 86
# columns: 3
 82 3.75 3
 83 3.25 2
 84 2.666666666666667 2
 85 4 3.25
 87 4.25 1.5
 88 1.785714285714286 3.214285714285714
 89 3 0.8333333333333334
 90 4.5 3
 94 2 2
 95 2 1.75
 97 3.5 3.5
 98 4.5 2
 104 1.5 2.625
 106 4.5 2.5
 108 4 2.25
 113 3 1
 114 3.25 1
 116 3 0.5
 117 4 1
 122 4 1
 123 1.571428571428571 2.5
 127 2.785714285714286 0.7857142857142857
 129 0.5 4.5
 130 3 2.5
 131 2 6.5
 132 1.5 9
 137 2.25 8.25
 139 1.5 8
 140 3.75 8
 141 4.5 7.75
 143 3.666666666666667 7.333333333333333
 145 1.5 7.5
 147 1 7.5
 148 2 6.5
 150 1 9
 152 0.5 8
 154 3.5 8.5
 156 1.5 8.75
 157 1.25 7
 158 1 7.5
 160 1.5 8.5
 163 3.5 9
 164 3.25 6.5
 167 2.5 9
 168 3.5 9.5
 169 4.75 8.25
 170 1.5 8.5
 179 0.5 7.5
 181 9 1
 185 6 3
 186 9 5.5
 188 6.375 3.875
 189 5.5 3.5
 191 5.5 2
 196 8 1.25
 197 6.5 3
 198 8.5 3
 201 6 3
 204 6 2.5
 205 8.5 5.5
 207 6.75 4
 209 9 1.5
 210 6.5 1.5
 213 9 4.5
 215 6 3
 216 9 1.5
 218 8.5 5
 219 9 2
 221 9 5
 224 8 4
 228 7.5 0.5
 229 6 3.5
 230 5.5 1
 232 8.5 8
 233 7.75 8.5
 234 8 8
 237 8 6
 242 9 8.5
 245 9 8
 250 7.5 6
 251 6.75 7.75
 253 7.5 8.5
 254 8.5 7.5
 263 7 6.5
 268 9 8.25
 270 7.5 5.5
# name: Error_2
# type: scalar
0.7501687614035319
# name: Error_total
# type: scalar
0.7412183554625675
# name: size_EstimatedCoordinates_row
# type: scalar
86
