# Created by Octave 2.9.13, Sun Oct 21 21:40:41 2007 EDT <eagblanc@wha572>
# name: Estimatedcoordinates_tot
# type: matrix
# rows: 164
# columns: 3
 82 2.25 2.25
 89 1.5 2
 90 2 3
 91 2.25 1.5
 95 4.833333333333333 4.333333333333333
 96 3 1
 97 1.333333333333333 1.166666666666667
 99 1.5 3.5
 102 2 3
 107 2 3
 110 1.5 3.5
 112 1.5 3
 114 2 3.5
 115 1.5 4
 117 4.833333333333333 3.833333333333333
 118 1.5 4.5
 120 2 2.5
 129 1.5 2.5
 132 1.75 6.25
 135 2.75 7.75
 136 1.333333333333333 5.5
 141 2.5 7.5
 142 2.25 7.5
 143 2.5 7.5
 146 2.166666666666667 8.333333333333334
 148 2 6.5
 149 2 6.5
 150 2.5 8
 152 4.5 6.5
 154 1.833333333333333 7
 156 1 6
 157 1 5
 158 1 6
 159 2.25 8.5
 160 2.5 8.333333333333334
 161 1 5
 164 2 6.5
 166 1.5 6.5
 167 4.5 6.5
 168 3.25 8.5
 169 2.5 8
 172 2.75 8
 174 4 6.5
 176 4.5 5.25
 177 2.5 8
 181 6.5 2
 182 8 1.5
 185 5.5 2
 187 8 1.5
 188 7.5 1
 189 6.5 2
 190 6.5 2
 192 7.5 1
 193 7.5 1.5
 202 9.25 2
 204 8.5 2.75
 205 6.5 2
 208 5.75 4.25
 209 7.25 1
 210 8.5 3.5
 211 5.666666666666667 5
 212 5.5 4.5
 216 7.5 1.5
 218 9.25 1.25
 219 8.375 1.25
 220 4.833333333333333 4.333333333333333
 221 7.5 1.5
 225 5.7 3.1
 229 5 5
 230 5.833333333333333 3.333333333333333
 233 8.5 9
 234 9.25 8
 239 7.333333333333333 8.666666666666666
 242 7.5 9
 243 7.5 8.5
 244 9 8.5
 245 5 6
 247 5.625 7.125
 248 9 8
 251 9 8
 254 8.666666666666666 6.833333333333333
 262 6 6
 263 6.666666666666667 8.666666666666666
 264 8.5 8.25
 265 6.666666666666667 7.333333333333333
 267 9.25 8.5
 270 5.5 6
 271 5.75 5.75
 274 7.333333333333333 8.666666666666666
 275 5 6
 276 6.5 8.5
 278 6.666666666666667 7.333333333333333
 279 9.5 8.5
 83 5 4
 85 5 4
 87 3.75 2.5
 93 5.5 1.5
 94 1 5
 98 6 1.5
 100 4 3.75
 101 1 2.5
 104 2.5 2
 106 3 1.5
 108 5.5 5
 109 3 0.5
 111 4.25 3.75
 116 4.5 1
 121 1.5 3
 122 5.5 1.5
 123 4.5 5
 124 3.2 5
 125 4.166666666666667 3.666666666666667
 128 1 0.5
 131 1.5 9
 133 3 8.5
 134 1.5 9
 137 3 8
 140 3 8.5
 144 3.5 6.5
 153 4.5 8
 165 1 4.5
 170 1.75 9.25
 175 1 6.5
 178 2 7.5
 180 0.75 6.25
 183 7.25 5.5
 184 6 1.5
 186 8.75 3.5
 191 8.5 2
 194 9 3
 195 9.5 4
 197 8 2
 198 9 3.25
 199 8.5 1.5
 201 5.5 5
 203 6 2
 206 9 2
 215 6 1
 222 8 2.5
 223 9 2
 226 6 4.75
 227 7 2
 231 9.5 7.5
 232 9.5 7.5
 235 7 8.5
 238 9 8
 240 6.5 5.5
 241 9 7.5
 246 5.5 6.5
 249 7 7
 253 9 7.5
 255 9 8
 256 8 8.5
 257 9.5 8
 258 9 8
 259 9 8.5
 260 9 7
 261 6.666666666666667 9.333333333333334
 266 9.5 8.5
 268 6 5.5
 272 7.5 9
 273 7 7.75
 277 9.5 8
 280 8 9.5
# name: Estimatedcoordinates2
# type: matrix
# rows: 71
# columns: 3
 83 5 4
 85 5 4
 87 3.75 2.5
 93 5.5 1.5
 94 1 5
 98 6 1.5
 100 4 3.75
 101 1 2.5
 104 2.5 2
 106 3 1.5
 108 5.5 5
 109 3 0.5
 111 4.25 3.75
 116 4.5 1
 121 1.5 3
 122 5.5 1.5
 123 4.5 5
 124 3.2 5
 125 4.166666666666667 3.666666666666667
 128 1 0.5
 131 1.5 9
 133 3 8.5
 134 1.5 9
 137 3 8
 140 3 8.5
 144 3.5 6.5
 153 4.5 8
 165 1 4.5
 170 1.75 9.25
 175 1 6.5
 178 2 7.5
 180 0.75 6.25
 183 7.25 5.5
 184 6 1.5
 186 8.75 3.5
 191 8.5 2
 194 9 3
 195 9.5 4
 197 8 2
 198 9 3.25
 199 8.5 1.5
 201 5.5 5
 203 6 2
 206 9 2
 215 6 1
 222 8 2.5
 223 9 2
 226 6 4.75
 227 7 2
 231 9.5 7.5
 232 9.5 7.5
 235 7 8.5
 238 9 8
 240 6.5 5.5
 241 9 7.5
 246 5.5 6.5
 249 7 7
 253 9 7.5
 255 9 8
 256 8 8.5
 257 9.5 8
 258 9 8
 259 9 8.5
 260 9 7
 261 6.666666666666667 9.333333333333334
 266 9.5 8.5
 268 6 5.5
 272 7.5 9
 273 7 7.75
 277 9.5 8
 280 8 9.5
# name: Error_2
# type: scalar
0.8403243439662935
# name: Error_total
# type: scalar
0.7676359404887823
# name: size_EstimatedCoordinates_row
# type: scalar
71
