# Created by Octave 2.9.13, Wed Oct 10 13:34:56 2007 EDT <eagblanc@dol25>
# name: Estimatedcoordinates_tot
# type: matrix
# rows: 150
# columns: 3
 81 1.5 3.5
 83 3 2.75
 85 3.4 2.9
 92 4 1.5
 94 1 2.75
 96 1.5 4.5
 101 0.5 0.5
 102 2 3.5
 105 2 3
 108 2.5 3
 110 0.5 1.25
 113 1 3.5
 114 1.25 0.5
 115 1 3
 118 3.4 2.9
 121 0.5 0.5
 122 1 2.75
 126 1 4
 129 1.5 4.25
 131 2 7.75
 132 5.5 8.5
 133 4 6.5
 134 1 8.5
 136 1 5
 138 0.75 6.25
 139 4.222222222222222 6.388888888888889
 141 4.166666666666667 7.166666666666667
 143 1.5 9
 149 2.5 6.5
 152 1.5 7.5
 160 1.875 6.875
 163 0.5 8
 165 1.9 7.4
 167 3.666666666666667 6.833333333333333
 169 1 5
 170 0.5 8
 171 1.833333333333333 8.333333333333334
 172 0.875 6.375
 173 2.25 6.5
 180 4.5 7.071428571428571
 181 7 2.5
 182 7 3.5
 183 6.75 0.5
 186 6.75 4
 187 7.75 1
 192 7.5 3.25
 196 7.666666666666667 0.6666666666666666
 199 7.5 2.25
 206 8 1.5
 209 7.5 2
 215 8 1.5
 222 8 1
 223 7.75 1.75
 226 6.5 3.5
 227 8.5 1
 232 6.166666666666667 7.833333333333333
 233 6.5 9
 234 6.75 9
 236 8.5 7.5
 238 4.5 7.5
 240 7.25 8.25
 241 8 7.25
 246 6.916666666666667 8.333333333333334
 248 8.5 8
 249 8.5 8.75
 255 8.5 8.75
 256 8.5 8
 257 8.285714285714286 7.928571428571429
 262 6 8.5
 263 8.75 8.25
 267 8.333333333333334 9.166666666666666
 268 6.75 9
 269 8.5 9
 274 9.166666666666666 6.333333333333333
 276 5.4 7.4
 278 8.5 8
 279 5.25 7.25
 82 2 3
 86 1 0.5
 87 3 2.5
 88 1 0.75
 89 1 2
 90 1 3
 93 3 3.5
 98 2.5 3.5
 99 3.9 1.1
 104 3.25 4.5
 106 4.25 2
 107 1 1.5
 109 3 2
 111 4.375 3.625
 112 1.5 4
 116 1 3.5
 119 1 2.5
 120 1 4.5
 123 3.5 1.5
 125 3.25 3
 127 0.5 2.5
 130 1.5 4
 137 1.5 6.5
 142 4 9
 144 5.5 9
 148 1.5 8.5
 150 2.5 5.75
 151 0.5 6.5
 155 1.5 8
 156 4.75 9
 157 1.5 4.5
 158 4.5 6.5
 161 1 7
 166 2.75 5.75
 174 1 6
 176 2.5 7.5
 177 2.5 9
 178 1.5 8.5
 179 1.5 8.5
 184 8 3
 194 7 2
 197 7 4.5
 198 5 1.5
 200 7.5 4
 201 6.5 4.3
 205 7 3
 210 8 2
 212 8 0.5
 213 7 4
 219 8 3
 221 6.5 4
 229 5 1.5
 231 8 7.5
 235 9 9
 242 8.5 8
 243 6.5 9
 244 8 6.5
 245 6.5 9
 247 5.333333333333333 7.833333333333333
 250 6.5 7
 251 6 8.333333333333334
 252 5.5 7
 253 5 6.5
 254 7.5 8.5
 259 8.5 9
 260 8 8
 261 6 6.5
 264 5.5 8
 271 9 7.25
 272 6.833333333333333 7.166666666666667
 273 7.5 9.5
 275 7 8.5
 280 6 6
# name: Estimatedcoordinates2
# type: matrix
# rows: 73
# columns: 3
 82 2 3
 86 1 0.5
 87 3 2.5
 88 1 0.75
 89 1 2
 90 1 3
 93 3 3.5
 98 2.5 3.5
 99 3.9 1.1
 104 3.25 4.5
 106 4.25 2
 107 1 1.5
 109 3 2
 111 4.375 3.625
 112 1.5 4
 116 1 3.5
 119 1 2.5
 120 1 4.5
 123 3.5 1.5
 125 3.25 3
 127 0.5 2.5
 130 1.5 4
 137 1.5 6.5
 142 4 9
 144 5.5 9
 148 1.5 8.5
 150 2.5 5.75
 151 0.5 6.5
 155 1.5 8
 156 4.75 9
 157 1.5 4.5
 158 4.5 6.5
 161 1 7
 166 2.75 5.75
 174 1 6
 176 2.5 7.5
 177 2.5 9
 178 1.5 8.5
 179 1.5 8.5
 184 8 3
 194 7 2
 197 7 4.5
 198 5 1.5
 200 7.5 4
 201 6.5 4.3
 205 7 3
 210 8 2
 212 8 0.5
 213 7 4
 219 8 3
 221 6.5 4
 229 5 1.5
 231 8 7.5
 235 9 9
 242 8.5 8
 243 6.5 9
 244 8 6.5
 245 6.5 9
 247 5.333333333333333 7.833333333333333
 250 6.5 7
 251 6 8.333333333333334
 252 5.5 7
 253 5 6.5
 254 7.5 8.5
 259 8.5 9
 260 8 8
 261 6 6.5
 264 5.5 8
 271 9 7.25
 272 6.833333333333333 7.166666666666667
 273 7.5 9.5
 275 7 8.5
 280 6 6
# name: Error_2
# type: scalar
0.7549835537278826
# name: Error_total
# type: scalar
0.6971626542227455
# name: size_EstimatedCoordinates_row
# type: scalar
73
