# Created by Octave 2.9.13, Sun Oct 21 23:11:44 2007 EDT <eagblanc@wha43>
# name: Estimatedcoordinates_tot
# type: matrix
# rows: 154
# columns: 3
 82 3.333333333333333 2
 92 1.25 5
 93 3 4.5
 96 1.166666666666667 4.333333333333333
 97 3.5 1.75
 100 2.5 3
 103 3 1.75
 104 3 1.75
 106 2.75 1
 110 2.5 0.75
 111 4.5 6
 112 1.5 4
 113 2.625 3.875
 114 3.5 1
 115 2.333333333333333 1.666666666666667
 116 3 0.5
 119 2 0.75
 121 2.666666666666667 4.5
 128 2.5 3
 130 2.375 1.875
 132 4 6
 135 3.833333333333333 7.333333333333333
 143 4 6.5
 145 4.5 6.5
 149 5 6.5
 152 4.5 6
 154 3 6.5
 155 1 4
 156 4.833333333333333 8.166666666666666
 158 4.5 6.5
 161 4.333333333333333 6
 164 3.75 8.5
 165 4 8.25
 166 2.5 5.5
 170 4 8.25
 173 3.375 6.5
 174 2.5 5
 178 3.25 7
 190 6.666666666666667 1.166666666666667
 194 8.5 3.5
 198 8 4.3
 200 7.25 5
 203 9.5 4
 206 8 4.5
 209 9.5 1.5
 213 8.166666666666666 4.5
 214 6.5 2
 215 6.75 1.5
 216 8.5 4.5
 219 8.5 3.5
 223 9.5 3.25
 225 8.666666666666666 4.166666666666667
 227 6.5 2
 228 9 3.5
 229 9.166666666666666 3.833333333333333
 233 7.5 9
 237 9.5 9
 238 7 6.5
 240 7 9.5
 247 9.5 9
 249 5.25 6.5
 257 6.5 6
 258 7.5 5.5
 259 9 8.5
 260 8.75 8.75
 262 6 6
 263 6 5.5
 266 5.5 7
 268 7 6
 270 6.5 9.5
 272 5.25 7.5
 274 7 7
 276 9.25 8.5
 279 7.25 6.25
 280 9.5 9
 83 1.25 4.5
 84 3 3
 85 1.5 2.75
 86 3 1
 87 1.5 1.5
 88 3 4.5
 89 4.25 2
 90 3.75 1
 91 2.5 1.5
 94 3.5 1.25
 95 1.25 0.5
 98 3.5 1
 101 3.25 3.75
 102 2 1.5
 105 3.75 1.25
 108 3 0.5
 117 4 5
 118 4.25 5.5
 122 4 1.5
 123 3 2.5
 124 2 4.75
 127 2 2.5
 136 1 6.25
 138 4 8
 139 4 9
 140 4 8
 142 3.5 6.25
 144 4.5 8.5
 150 3 8.25
 151 1 5
 159 3.5 8
 160 1.75 5.5
 162 3.75 7.25
 167 3 5
 169 2.5 8
 172 3.25 7.25
 175 3.5 6
 176 2 9
 177 2 6
 180 3.5 7.5
 183 7.5 3.75
 184 7.5 3.5
 186 7.75 1.375
 187 7.5 5
 188 8.5 4
 191 6.5 5.5
 193 7.5 4.5
 195 7.5 1.5
 196 5.5 5.5
 197 7 5
 201 8.5 4
 211 6.5 1.5
 220 7.5 4.5
 224 7 2
 226 6.5 2
 231 8 8
 234 5 7.5
 235 9 4.666666666666667
 236 9.5 8.5
 241 7 8.25
 242 9.5 9
 243 7.25 8.75
 245 9.5 8.5
 246 6 9
 248 5.75 8
 250 7.5 8.5
 251 9.25 8.25
 252 8.5 4.5
 253 7.5 8
 254 6.5 9
 255 5.5 6
 256 7.5 5
 261 7.5 6.5
 264 8.166666666666666 7.5
 267 6 6.5
 269 8 8
 275 6 8.5
 277 5.25 5.375
 278 6.5 9
# name: Estimatedcoordinates2
# type: matrix
# rows: 79
# columns: 3
 83 1.25 4.5
 84 3 3
 85 1.5 2.75
 86 3 1
 87 1.5 1.5
 88 3 4.5
 89 4.25 2
 90 3.75 1
 91 2.5 1.5
 94 3.5 1.25
 95 1.25 0.5
 98 3.5 1
 101 3.25 3.75
 102 2 1.5
 105 3.75 1.25
 108 3 0.5
 117 4 5
 118 4.25 5.5
 122 4 1.5
 123 3 2.5
 124 2 4.75
 127 2 2.5
 136 1 6.25
 138 4 8
 139 4 9
 140 4 8
 142 3.5 6.25
 144 4.5 8.5
 150 3 8.25
 151 1 5
 159 3.5 8
 160 1.75 5.5
 162 3.75 7.25
 167 3 5
 169 2.5 8
 172 3.25 7.25
 175 3.5 6
 176 2 9
 177 2 6
 180 3.5 7.5
 183 7.5 3.75
 184 7.5 3.5
 186 7.75 1.375
 187 7.5 5
 188 8.5 4
 191 6.5 5.5
 193 7.5 4.5
 195 7.5 1.5
 196 5.5 5.5
 197 7 5
 201 8.5 4
 211 6.5 1.5
 220 7.5 4.5
 224 7 2
 226 6.5 2
 231 8 8
 234 5 7.5
 235 9 4.666666666666667
 236 9.5 8.5
 241 7 8.25
 242 9.5 9
 243 7.25 8.75
 245 9.5 8.5
 246 6 9
 248 5.75 8
 250 7.5 8.5
 251 9.25 8.25
 252 8.5 4.5
 253 7.5 8
 254 6.5 9
 255 5.5 6
 256 7.5 5
 261 7.5 6.5
 264 8.166666666666666 7.5
 267 6 6.5
 269 8 8
 275 6 8.5
 277 5.25 5.375
 278 6.5 9
# name: Error_2
# type: scalar
0.7888983892073974
# name: Error_total
# type: scalar
0.761092356041707
# name: size_EstimatedCoordinates_row
# type: scalar
79
