# Created by Octave 2.9.13, Mon Oct 22 01:13:24 2007 EDT <eagblanc@dol17>
# name: Estimatedcoordinates
# type: matrix
# rows: 89
# columns: 3
 82 3 4.5
 83 2.5 1
 84 4 1.75
 85 2.666666666666667 4.833333333333333
 87 2.5 1
 88 3.5 4.25
 89 3.5 1.5
 90 4 4.5
 91 1.833333333333333 1.333333333333333
 93 3 1.5
 96 3.5 2
 98 3.25 3
 99 3.5 1.5
 100 3.5 1.5
 101 2.75 0.75
 103 4.166666666666667 5.333333333333333
 113 2 2
 115 4 1
 118 2.5 4.5
 122 1.75 0.75
 125 2 0.5
 128 3.5 5.5
 129 3 1.5
 133 2.5 9
 134 2.666666666666667 8.5
 137 2 8.75
 142 1.75 7.5
 153 2.625 8.625
 154 1.5 8.5
 158 4 5.5
 160 4.5 9.5
 161 1 9
 162 2 8.5
 165 5 8.75
 167 3 5
 168 2 8
 169 4.25 6
 171 4 5.833333333333333
 173 1.5 8.5
 174 4 5
 176 4.333333333333333 8.75
 178 3.5 9.5
 180 1.75 7.5
 185 5.25 4.5
 188 6.5 3.5
 189 6 3
 191 6 2.25
 194 6 2.25
 198 6.5 4.5
 199 7 1.5
 200 6.5 3
 202 7 1.5
 203 7 1.5
 204 5.5 5.5
 205 5.75 4.75
 211 5.25 4.5
 213 7.5 4
 214 7 4
 215 6 3
 219 9 3
 221 8.666666666666666 3
 224 6.5 4
 225 6.5 3.5
 228 6.5 4
 231 9.25 9.25
 232 6 5
 235 5 6
 237 8.5 7.75
 240 6 5
 241 6 8.5
 242 9 9.5
 243 8.75 9
 245 6.25 6
 246 6.5 5
 249 6 8.5
 251 5.25 6
 252 8.75 9.25
 253 4.75 6.5
 256 5.5 9
 257 6.5 8.75
 259 5 6.5
 260 6 7
 262 6.5 5
 264 6.5 5
 267 5.5 9
 270 5.5 7.5
 271 6.25 5.5
 278 7.625 8.625
 280 6 8
# name: Error_1
# type: scalar
0.7325068621405442
# name: size_EstimatedCoordinates_row
# type: scalar
89
