# Created by Octave 2.9.13, Sun Oct 21 23:00:35 2007 EDT <eagblanc@wha621>
# name: Estimatedcoordinates
# type: matrix
# rows: 75
# columns: 3
 82 3.333333333333333 2
 92 1.25 5
 93 3 4.5
 96 1.166666666666667 4.333333333333333
 97 3.5 1.75
 100 2.5 3
 103 3 1.75
 104 3 1.75
 106 2.75 1
 110 2.5 0.75
 111 4.5 6
 112 1.5 4
 113 2.625 3.875
 114 3.5 1
 115 2.333333333333333 1.666666666666667
 116 3 0.5
 119 2 0.75
 121 2.666666666666667 4.5
 128 2.5 3
 130 2.375 1.875
 132 4 6
 135 3.833333333333333 7.333333333333333
 143 4 6.5
 145 4.5 6.5
 149 5 6.5
 152 4.5 6
 154 3 6.5
 155 1 4
 156 4.833333333333333 8.166666666666666
 158 4.5 6.5
 161 4.333333333333333 6
 164 3.75 8.5
 165 4 8.25
 166 2.5 5.5
 170 4 8.25
 173 3.375 6.5
 174 2.5 5
 178 3.25 7
 190 6.666666666666667 1.166666666666667
 194 8.5 3.5
 198 8 4.3
 200 7.25 5
 203 9.5 4
 206 8 4.5
 209 9.5 1.5
 213 8.166666666666666 4.5
 214 6.5 2
 215 6.75 1.5
 216 8.5 4.5
 219 8.5 3.5
 223 9.5 3.25
 225 8.666666666666666 4.166666666666667
 227 6.5 2
 228 9 3.5
 229 9.166666666666666 3.833333333333333
 233 7.5 9
 237 9.5 9
 238 7 6.5
 240 7 9.5
 247 9.5 9
 249 5.25 6.5
 257 6.5 6
 258 7.5 5.5
 259 9 8.5
 260 8.75 8.75
 262 6 6
 263 6 5.5
 266 5.5 7
 268 7 6
 270 6.5 9.5
 272 5.25 7.5
 274 7 7
 276 9.25 8.5
 279 7.25 6.25
 280 9.5 9
# name: Error_1
# type: scalar
0.7306598812072997
# name: size_EstimatedCoordinates_row
# type: scalar
75
