# Created by Octave 2.9.13, Sun Nov 04 19:07:28 2007 EST <eagblanc@wha330>
# name: Error
# type: scalar
0.6438486641875347
# name: Error_mult
# type: scalar
0.1014470523733312
# name: size_EstimatedCoordinates_row
# type: scalar
23
# name: size_Estimatedmult_row
# type: scalar
23
