# Created by Octave 2.9.13, Sun Nov 04 19:31:23 2007 EST <eagblanc@wha12>
# name: Error
# type: scalar
0.5621062215915388
# name: Error_mult
# type: scalar
0.09411237636251416
# name: size_EstimatedCoordinates_row
# type: scalar
14
# name: size_Estimatedmult_row
# type: scalar
14
