# Created by Octave 2.9.13, Sun Nov 04 18:19:18 2007 EST <eagblanc@wha580>
# name: Error
# type: scalar
0.509694827999861
# name: Error_mult
# type: scalar
0.05745280013764679
# name: size_EstimatedCoordinates_row
# type: scalar
26
# name: size_Estimatedmult_row
# type: scalar
26
