# Created by Octave 2.9.13, Sun Nov 04 18:43:34 2007 EST <eagblanc@wha476>
# name: Error
# type: scalar
0.3732778024615982
# name: Error_mult
# type: scalar
0.1252865526849446
# name: size_EstimatedCoordinates_row
# type: scalar
4
# name: size_Estimatedmult_row
# type: scalar
4
