# Created by Octave 2.9.13, Sun Nov 04 17:49:03 2007 EST <eagblanc@wha156>
# name: Error
# type: scalar
0.4314525594704582
# name: Error_mult
# type: scalar
0.1124529095939576
# name: size_EstimatedCoordinates_row
# type: scalar
7
# name: size_Estimatedmult_row
# type: scalar
7
