# Created by Octave 2.9.13, Mon Nov 05 00:24:42 2007 EST <eagblanc@wha87>
# name: Error
# type: scalar
0.512449187076213
# name: Error_mult
# type: scalar
0.4058946690763775
# name: size_EstimatedCoordinates_row
# type: scalar
21
# name: size_Estimatedmult_row
# type: scalar
21
