# Created by Octave 2.9.13, Sun Nov 04 23:36:52 2007 EST <eagblanc@wha282>
# name: Error
# type: scalar
0.4892075398423836
# name: Error_mult
# type: scalar
0.3682492906918195
# name: size_EstimatedCoordinates_row
# type: scalar
11
# name: size_Estimatedmult_row
# type: scalar
11
