# Created by Octave 2.9.13, Mon Nov 05 01:11:20 2007 EST <eagblanc@wha282>
# name: Error
# type: scalar
0.5085709810107818
# name: Error_mult
# type: scalar
0.1879902251952683
# name: size_EstimatedCoordinates_row
# type: scalar
21
# name: size_Estimatedmult_row
# type: scalar
21
