# Created by Octave 2.9.13, Mon Nov 05 00:48:04 2007 EST <eagblanc@wha87>
# name: Error
# type: scalar
0.5616895562433823
# name: Error_mult
# type: scalar
0.3449149481780918
# name: size_EstimatedCoordinates_row
# type: scalar
15
# name: size_Estimatedmult_row
# type: scalar
15
