# Created by Octave 2.9.13, Mon Nov 05 00:00:58 2007 EST <eagblanc@wha282>
# name: Error
# type: scalar
0.6072026752944686
# name: Error_mult
# type: scalar
0.3879141069840649
# name: size_EstimatedCoordinates_row
# type: scalar
27
# name: size_Estimatedmult_row
# type: scalar
27
