# Created by Octave 2.9.13, Tue Oct 02 18:59:56 2007 EDT <eagblanc@dol24>
# name: Error_total
# type: scalar
1.884215738431929
# name: size_EstimatedCoordinates_row
# type: scalar
44
