# Created by Octave 2.9.13, Tue Oct 02 18:39:18 2007 EDT <eagblanc@dol24>
# name: Error_total
# type: scalar
1.921223479020448
# name: size_EstimatedCoordinates_row
# type: scalar
59
