# Created by Octave 2.9.13, Tue Oct 02 21:06:30 2007 EDT <eagblanc@dol24>
# name: Error_total
# type: scalar
2.182785172367098
# name: size_EstimatedCoordinates_row
# type: scalar
46
