# Created by Octave 2.9.13, Tue Oct 02 19:17:58 2007 EDT <eagblanc@dol24>
# name: Error_total
# type: scalar
1.573313748998023
# name: size_EstimatedCoordinates_row
# type: scalar
48
