# Created by Octave 2.9.13, Tue Oct 02 20:34:00 2007 EDT <eagblanc@dol24>
# name: Error_total
# type: scalar
2.004832337217968
# name: size_EstimatedCoordinates_row
# type: scalar
53
