# Created by Octave 2.9.13, Tue Oct 02 19:59:34 2007 EDT <eagblanc@dol24>
# name: Error_total
# type: scalar
1.772432366590624
# name: size_EstimatedCoordinates_row
# type: scalar
54
