# Created by Octave 2.9.13, Tue Oct 02 21:36:53 2007 EDT <eagblanc@dol24>
# name: Error_total
# type: scalar
2.445339047007678
# name: size_EstimatedCoordinates_row
# type: scalar
68
