# Created by Octave 2.9.13, Tue Oct 02 18:18:22 2007 EDT <eagblanc@dol24>
# name: Error_total
# type: scalar
2.041241412229525
# name: size_EstimatedCoordinates_row
# type: scalar
56
