# Created by Octave 2.9.13, Tue Oct 02 19:35:24 2007 EDT <eagblanc@dol24>
# name: Error_total
# type: scalar
1.751100231651296
# name: size_EstimatedCoordinates_row
# type: scalar
57
