# Created by Octave 2.9.13, Tue Oct 02 17:49:26 2007 EDT <eagblanc@dol24>
# name: Error_total
# type: scalar
1.67732121214339
# name: size_EstimatedCoordinates_row
# type: scalar
42
