# Created by Octave 2.9.13, Tue Oct 16 20:35:44 2007 EDT <eagblanc@dol32>
# name: Estimatedcoordinates_tot
# type: matrix
# rows: 180
# columns: 3
 82 2.5 2.5
 85 3.75 2.75
 86 1 1.5
 87 3.75 1.75
 89 5.25 3
 90 0.8333333333333334 1.5
 91 4.5 4.5
 94 3.5 2
 96 1.5 3.5
 97 0.5 1
 99 1.5 4.5
 102 2.5 2.75
 104 3 3
 105 5.5 4.5
 106 3.666666666666667 1.666666666666667
 107 3 2.5
 108 2 3
 110 1.5 5.5
 111 3 2.5
 112 3 1.75
 113 2.75 3.5
 114 5 4.75
 115 1.5 1.5
 118 2 2
 121 4 4.5
 122 1 3
 123 2.25 4.833333333333333
 125 2.25 4.833333333333333
 127 4.4 4.8
 131 2 8.5
 133 3 5.5
 134 0.75 8
 137 1.5 8.5
 138 1 7.25
 139 1.2 9.1
 143 2 5.5
 144 3 9.5
 146 1.25 8.25
 148 3.75 8
 149 4 6
 151 3 8.5
 152 3.75 8
 153 3.5 6
 159 5 6.75
 168 1.5 8
 170 3 9.5
 172 3.5 7.5
 179 2.5 8
 181 8.699999999999999 2.6
 182 8.5 3.5
 183 7.375 2.375
 184 9 2
 186 9.5 2.5
 188 9.5 1.5
 190 7.75 1.75
 191 9.25 1.25
 192 6.875 4.5
 193 8 1.5
 195 9 2.5
 196 7 2.25
 198 8 2
 199 9 1.5
 201 9 1.5
 203 7 2
 204 6.5 4
 206 9.5 2
 207 8.25 2.5
 209 9.5 2
 211 5 3
 213 6.5 4
 218 8 1.5
 222 8.25 2.5
 223 5 4
 224 9.25 1.25
 226 9.5 2
 228 9 1.5
 232 5.5 6.5
 234 8.071428571428571 7.357142857142857
 237 9.25 7.75
 238 6.5 8.25
 240 7.75 6.5
 242 6.5 5.5
 243 8 6
 245 8.25 8.5
 246 7.25 6
 249 9 7.5
 251 8.5 7.5
 253 5.5 4.5
 255 9 7
 256 9 8.166666666666666
 257 9 7
 258 8 6
 260 6.5 5
 265 8.5 8.5
 266 6 7
 268 9 7.5
 269 6 5.5
 270 9.25 7.75
 271 5.75 6
 272 8 9
 273 6.5 8.25
 274 8 6
 275 7.5 5.5
 277 9 8.5
 279 9.5 8
 280 5.5 5
 83 1 3
 84 3.5 5.5
 88 4.5 2.5
 92 2.25 1.75
 93 1 2.5
 95 1 3.75
 98 5.5 4
 100 3 2
 101 4.5 3
 103 3.5 1.5
 109 4 4.5
 116 3 1.5
 117 2 2.5
 119 1.5 5
 128 3.5 1.5
 129 2.5 3
 135 3.5 8.5
 136 5 7
 140 4 5.5
 142 1.5 6.75
 147 2 5.5
 150 2 5
 154 1.5 5
 155 1 9.5
 156 2 5
 158 1 9
 160 2.25 8
 161 4 6
 162 5 5.25
 163 3.5 8.75
 164 1.5 5
 165 0.6666666666666666 7
 166 4.25 5
 167 2.5 5.5
 169 2 5.5
 173 1 9
 174 1 7
 175 1 8
 176 3.5 5.5
 177 4.75 8
 178 1.5 5.5
 180 1.25 6
 187 9.5 3.5
 189 7.5 1.5
 194 5.25 2.75
 197 7 4.5
 200 7 1.5
 210 9.5 1.5
 212 9 2.5
 214 5 3.5
 216 6.75 2
 217 9 5
 220 4.5 4.5
 221 9 1
 225 8 2.5
 227 7 2
 230 6 2
 231 9 8.25
 233 6.5 9
 236 7 8.5
 239 8 6
 241 7.5 7
 244 5 8
 247 8.5 6.5
 250 6.5 6.25
 252 7.5 8
 254 9 7
 259 8 9
 262 9.25 8.25
 263 9 7
 264 7.5 8.5
 267 9 9
 276 7.75 8.25
 278 8.5 9
# name: Estimatedcoordinates2
# type: matrix
# rows: 74
# columns: 3
 83 1 3
 84 3.5 5.5
 88 4.5 2.5
 92 2.25 1.75
 93 1 2.5
 95 1 3.75
 98 5.5 4
 100 3 2
 101 4.5 3
 103 3.5 1.5
 109 4 4.5
 116 3 1.5
 117 2 2.5
 119 1.5 5
 128 3.5 1.5
 129 2.5 3
 135 3.5 8.5
 136 5 7
 140 4 5.5
 142 1.5 6.75
 147 2 5.5
 150 2 5
 154 1.5 5
 155 1 9.5
 156 2 5
 158 1 9
 160 2.25 8
 161 4 6
 162 5 5.25
 163 3.5 8.75
 164 1.5 5
 165 0.6666666666666666 7
 166 4.25 5
 167 2.5 5.5
 169 2 5.5
 173 1 9
 174 1 7
 175 1 8
 176 3.5 5.5
 177 4.75 8
 178 1.5 5.5
 180 1.25 6
 187 9.5 3.5
 189 7.5 1.5
 194 5.25 2.75
 197 7 4.5
 200 7 1.5
 210 9.5 1.5
 212 9 2.5
 214 5 3.5
 216 6.75 2
 217 9 5
 220 4.5 4.5
 221 9 1
 225 8 2.5
 227 7 2
 230 6 2
 231 9 8.25
 233 6.5 9
 236 7 8.5
 239 8 6
 241 7.5 7
 244 5 8
 247 8.5 6.5
 250 6.5 6.25
 252 7.5 8
 254 9 7
 259 8 9
 262 9.25 8.25
 263 9 7
 264 7.5 8.5
 267 9 9
 276 7.75 8.25
 278 8.5 9
# name: Error_2
# type: scalar
0.8086658709025369
# name: Error_total
# type: scalar
0.7319050099941609
# name: size_EstimatedCoordinates_row
# type: scalar
74
