# Created by Octave 2.9.13, Tue Oct 16 19:16:47 2007 EDT <eagblanc@dol32>
# name: Estimatedcoordinates_tot
# type: matrix
# rows: 169
# columns: 3
 81 2.5 4
 83 3.5 3
 86 3.166666666666667 3.666666666666667
 87 2.166666666666667 3
 88 1.75 3.5
 94 5 2
 96 1.5 2.5
 97 2 1
 100 2.5 4
 101 3.75 2.5
 105 2.5 3.25
 106 0.75 2.875
 107 3.166666666666667 2.5
 108 4 2.5
 109 1 3
 111 3.5 3
 113 3 3
 115 5 1.75
 116 3 3
 117 2.5 3.5
 118 1 3
 119 4.333333333333333 2.166666666666667
 122 4.1 3.2
 123 2 4
 124 1 1.5
 125 2.5 1
 129 3 1.5
 132 1.9 8.4
 134 2.166666666666667 9.333333333333334
 135 1 8.5
 139 0.5 8
 141 4 8.5
 143 4.833333333333333 8.166666666666666
 145 3.5 9
 148 4.5 7.5
 150 3 9.25
 151 3 5.5
 152 0.5 8
 153 3.5 6.5
 160 1.166666666666667 8.166666666666666
 162 1.25 8
 165 1.166666666666667 8.5
 167 3.5 8.75
 174 4 9
 179 3.75 5.5
 180 3.5 9
 181 4.25 1.5
 183 6 3
 185 7.5 4
 189 6 2
 191 7.777777777777778 2.666666666666667
 192 6.5 4.5
 194 6 2.5
 201 8 3
 202 7.5 3.5
 203 6.75 4.5
 208 6 3
 210 7.666666666666667 4.5
 212 6.5 3
 213 7.5 4
 214 6 2
 218 6.25 1
 219 8.75 3.5
 220 6.5 3.5
 221 8 3.5
 222 8 2
 224 7.25 3
 226 8 3.5
 227 9 3.5
 233 8.5 8.5
 234 8.5 8
 236 9 8
 238 5.666666666666667 6.416666666666667
 239 8.5 8.5
 241 8.75 8.25
 242 5.25 8
 244 5.5 7.875
 245 8 6.5
 249 5.5 7.875
 250 8.5 8
 251 8.5 8
 252 9 8.5
 255 8.5 8
 256 8.5 6
 257 8.5 7.5
 261 8.75 7.75
 263 6.75 7
 266 8.75 7.25
 271 8 5
 274 7.5 8.5
 276 6 7.5
 279 9 8
 280 7.5 7.833333333333333
 84 2 1
 85 1 3.5
 89 1 1.666666666666667
 90 2 3.5
 91 1.5 3
 92 4 3.5
 95 3.5 3.5
 102 3.5 4.75
 103 3 1.5
 104 2 4
 110 1 3.5
 112 2.5 3
 114 4 2.25
 120 2 1
 121 1.5 4
 127 1.25 1.5
 128 1.5 3.5
 130 2.5 3.5
 131 3.3 6.6
 137 4.5 8.5
 140 4 7.5
 142 3 7
 144 1.25 9
 146 1.5 8
 147 4 9.5
 154 3.333333333333333 6.333333333333333
 155 3.5 6
 157 1.5 8
 159 3 5
 163 0.5 7.5
 166 1.5 8.5
 169 3.5 8.5
 170 4.5 6.5
 171 3.666666666666667 7.666666666666667
 173 2 5
 175 0.5 8
 178 2 8.5
 182 8.5 2
 184 6 1
 188 8 2.5
 190 5.75 5.5
 193 9.166666666666666 3.333333333333333
 197 8 2
 198 6 1
 200 8.5 3
 204 6.5 1.5
 205 8.5 3
 207 8 1.5
 209 7 2
 211 4.5 1.5
 216 8.25 2.5
 217 8.5 2
 228 7 5
 231 8.5 6.5
 232 6 7
 235 9 8.5
 240 8 9
 243 8 7.5
 246 9 7
 247 6 8.5
 248 6 6
 253 8 5.5
 254 9 8.5
 258 8.5 8
 259 7 9
 260 8 5
 262 8.75 9
 264 6 8.5
 267 5 8.5
 268 8 5.5
 269 5 7
 270 9 8.75
 272 9.5 7.5
 273 7.5 8.5
 275 5.25 5.25
 277 9 7
# name: Estimatedcoordinates2
# type: matrix
# rows: 76
# columns: 3
 84 2 1
 85 1 3.5
 89 1 1.666666666666667
 90 2 3.5
 91 1.5 3
 92 4 3.5
 95 3.5 3.5
 102 3.5 4.75
 103 3 1.5
 104 2 4
 110 1 3.5
 112 2.5 3
 114 4 2.25
 120 2 1
 121 1.5 4
 127 1.25 1.5
 128 1.5 3.5
 130 2.5 3.5
 131 3.3 6.6
 137 4.5 8.5
 140 4 7.5
 142 3 7
 144 1.25 9
 146 1.5 8
 147 4 9.5
 154 3.333333333333333 6.333333333333333
 155 3.5 6
 157 1.5 8
 159 3 5
 163 0.5 7.5
 166 1.5 8.5
 169 3.5 8.5
 170 4.5 6.5
 171 3.666666666666667 7.666666666666667
 173 2 5
 175 0.5 8
 178 2 8.5
 182 8.5 2
 184 6 1
 188 8 2.5
 190 5.75 5.5
 193 9.166666666666666 3.333333333333333
 197 8 2
 198 6 1
 200 8.5 3
 204 6.5 1.5
 205 8.5 3
 207 8 1.5
 209 7 2
 211 4.5 1.5
 216 8.25 2.5
 217 8.5 2
 228 7 5
 231 8.5 6.5
 232 6 7
 235 9 8.5
 240 8 9
 243 8 7.5
 246 9 7
 247 6 8.5
 248 6 6
 253 8 5.5
 254 9 8.5
 258 8.5 8
 259 7 9
 260 8 5
 262 8.75 9
 264 6 8.5
 267 5 8.5
 268 8 5.5
 269 5 7
 270 9 8.75
 272 9.5 7.5
 273 7.5 8.5
 275 5.25 5.25
 277 9 7
# name: Error_2
# type: scalar
0.8694842156916319
# name: Error_total
# type: scalar
0.7802173995899186
# name: size_EstimatedCoordinates_row
# type: scalar
76
