# Created by Octave 2.9.13, Sun Oct 14 16:10:43 2007 EDT <eagblanc@dol29>
# name: Estimatedcoordinates
# type: matrix
# rows: 93
# columns: 3
 85 0.5 1.5
 87 2.5 1.5
 88 5.5 0.5
 91 3 1.5
 92 3.5 1
 96 1.5 2
 97 1.25 1.25
 103 2.25 2
 104 3.25 1
 107 4.166666666666667 1.166666666666667
 110 1.375 2.375
 112 1.5 2.5
 114 1 1.25
 118 3.5 0.5
 120 0.5 1.5
 121 2.5 1.5
 122 2.75 1.25
 130 1 1.5
 131 5.25 9.25
 133 3.5 6
 137 4 7
 139 1.75 6
 142 0.5 9
 143 2.5 5
 144 1.5 8.5
 145 2 6.5
 146 1.166666666666667 8.166666666666666
 147 0.9166666666666666 8.333333333333334
 150 3.5 6
 152 4 6
 154 0.5 9.5
 155 2 5.5
 158 4 6
 164 1.25 5
 166 3.5 6.5
 167 4.25 8.5
 168 4.25 6.75
 169 4 6
 175 3.625 5.375
 177 1.5 5.75
 178 2.5 6
 180 4 6.5
 182 8 3.125
 185 9 5
 186 7.5 4
 187 8.5 2
 188 6.666666666666667 1.333333333333333
 189 6.25 1
 192 8 1.25
 200 8.5 1.5
 201 7 2
 206 9.5 2.75
 208 6.625 1.125
 211 8 1.5
 214 9 1.25
 215 6.5 1
 216 7.375 4.5
 217 9.166666666666666 1.833333333333333
 219 8.5 2.5
 222 9 2
 223 8 1
 224 6.083333333333333 1.25
 225 6.5 4.5
 227 5.75 1.25
 228 9 2.25
 230 8.5 1.5
 231 9 6
 232 8 8.5
 238 6.5 7.5
 241 9.25 6.25
 243 9 7.5
 244 9 7.5
 245 8.5 8.75
 246 6.5 7.5
 247 6.5 9.5
 248 9.25 7
 249 6.5 8.75
 250 6 9.5
 251 7 8.5
 252 8 4.5
 254 7.25 8.25
 256 5.5 6
 257 7 5.75
 258 7 8.5
 259 5.5 5
 260 9.166666666666666 5.666666666666667
 262 5.25 8.75
 263 9.25 5.5
 264 8.5 5.5
 267 8.5 5.5
 268 6.666666666666667 9
 274 5.5 5.5
 276 4.5 6
# name: Error_total
# type: scalar
0.6521157187023638
# name: size_EstimatedCoordinates_row
# type: scalar
93
