# Created by Octave 2.9.13, Tue Oct 16 12:25:03 2007 EDT <eagblanc@dol32>
# name: Estimatedcoordinates_tot
# type: matrix
# rows: 155
# columns: 3
 83 3.75 1.5
 84 3.5 1.5
 87 2.75 1.5
 88 2.5 4.375
 89 5 0.75
 95 3 2.5
 97 5 5.5
 99 3.5 1.25
 104 2.5 3
 105 1 0.5
 107 1.5 0.5
 109 3.75 1.25
 111 3.333333333333333 1.166666666666667
 112 4.5 5
 115 5 0.5
 116 4.5 5
 117 2 1.75
 119 2.833333333333333 1.333333333333333
 123 3.5 0.5
 125 4 0.5
 129 4.083333333333333 4.75
 130 4 0.5
 131 3.833333333333333 6.166666666666667
 132 2 8
 133 6 6.5
 135 3.5 5.5
 137 4 6.5
 139 2.75 5.75
 140 4 5.5
 142 1.5 5.25
 143 2 8
 144 1.25 5.75
 145 3 6.5
 146 0.5 8
 147 2.5 5.25
 148 3.5 6
 149 2.5 5
 150 1.333333333333333 7
 155 5 7
 157 2.75 6.75
 160 2.166666666666667 6.5
 161 2.5 5
 165 1.5 9
 166 4.75 4.75
 168 2 5.25
 171 5.5 6.5
 172 3 5.5
 174 4 6
 175 4 5.5
 179 1.5 8.5
 181 8.25 3.25
 182 9 1
 184 8.5 0.5
 188 8.5 4
 189 7.5 2.5
 191 6.375 4.5
 192 6.75 2.25
 197 6.75 0.5
 199 8.333333333333334 3.166666666666667
 203 5.75 5.25
 205 7.666666666666667 4.166666666666667
 206 6.75 0.5
 208 8 0.5
 212 8.5 1.5
 213 8.083333333333334 3.083333333333333
 214 9.5 1.5
 215 6.75 0.5
 218 8 1
 219 9.5 1
 225 9.5 1
 226 9 1
 233 5 6.5
 234 7.5 7
 235 7 7
 236 9 6
 237 5.75 5.25
 238 8.5 6.5
 239 9 6.5
 241 7 6.75
 243 8 6.5
 248 5.5 7
 251 6.5 7
 253 9.25 5.25
 260 9 6.5
 261 5 6
 263 7.5 5.5
 264 5 5.5
 265 6.5 6.5
 266 6.75 6.5
 268 5.75 7
 271 6 6
 272 7.5 6.5
 273 8.5 5.5
 276 5.5 5.5
 277 5.5 6.5
 279 8.5 5.5
 280 8.5 6.5
 81 3.5 0.5
 82 2.5 2.5
 85 3 0.5
 86 1.5 0.5
 90 5 5.5
 92 4.5 3.5
 98 3 4.5
 100 4 2
 101 2.5 0.75
 102 3 1
 103 3 2
 113 1.5 0.5
 114 3 2.5
 118 4 5
 122 3 4.5
 126 4 0.5
 127 2.5 3
 128 3.5 2.5
 136 0.625 8.625
 141 1.5 6
 151 1 7
 153 1 6.5
 156 1.333333333333333 5.666666666666667
 158 1.5 5.5
 159 2.5 7.5
 164 1 8.5
 167 1.5 8.5
 169 1 8.5
 170 2 8.5
 176 4 7
 183 6.5 2
 186 7 1.5
 187 8 2.833333333333333
 194 9 0.5
 196 7.333333333333333 4.333333333333333
 198 7 3
 200 6.5 1.5
 201 8 3.5
 204 8.5 5
 207 7.5 2.5
 209 8.5 2.5
 210 5 5
 211 6.833333333333333 3.5
 216 4.75 0.5
 217 7.5 1.75
 220 8 2.5
 222 8.5 1
 224 7 5.5
 227 4.5 0.5
 228 7 3
 229 9 3.75
 230 9 1
 246 5 7.75
 247 6 5.5
 249 5.5 7.5
 252 9.5 6.5
 267 6 6
 269 5.5 7.5
# name: Estimatedcoordinates2
# type: matrix
# rows: 58
# columns: 3
 81 3.5 0.5
 82 2.5 2.5
 85 3 0.5
 86 1.5 0.5
 90 5 5.5
 92 4.5 3.5
 98 3 4.5
 100 4 2
 101 2.5 0.75
 102 3 1
 103 3 2
 113 1.5 0.5
 114 3 2.5
 118 4 5
 122 3 4.5
 126 4 0.5
 127 2.5 3
 128 3.5 2.5
 136 0.625 8.625
 141 1.5 6
 151 1 7
 153 1 6.5
 156 1.333333333333333 5.666666666666667
 158 1.5 5.5
 159 2.5 7.5
 164 1 8.5
 167 1.5 8.5
 169 1 8.5
 170 2 8.5
 176 4 7
 183 6.5 2
 186 7 1.5
 187 8 2.833333333333333
 194 9 0.5
 196 7.333333333333333 4.333333333333333
 198 7 3
 200 6.5 1.5
 201 8 3.5
 204 8.5 5
 207 7.5 2.5
 209 8.5 2.5
 210 5 5
 211 6.833333333333333 3.5
 216 4.75 0.5
 217 7.5 1.75
 220 8 2.5
 222 8.5 1
 224 7 5.5
 227 4.5 0.5
 228 7 3
 229 9 3.75
 230 9 1
 246 5 7.75
 247 6 5.5
 249 5.5 7.5
 252 9.5 6.5
 267 6 6
 269 5.5 7.5
# name: Error_2
# type: scalar
0.8562621174442288
# name: Error_total
# type: scalar
0.7898032130586199
# name: size_EstimatedCoordinates_row
# type: scalar
58
