# Created by Octave 2.9.13, Wed Oct 17 01:22:13 2007 EDT <eagblanc@dol32>
# name: Estimatedcoordinates_tot
# type: matrix
# rows: 162
# columns: 3
 82 3.5 5.5
 85 4.75 3
 87 4 4.5
 89 3.25 2.75
 91 3.5 4.75
 93 1 4
 97 0.5 3
 98 4.5 1.5
 100 5.25 3.75
 103 4 4.5
 106 4 4.5
 111 1.666666666666667 3.666666666666667
 114 2.75 4.5
 117 1.25 4.5
 119 0.5 3
 120 1 4
 121 1.75 3.25
 122 5 1.5
 123 0.5 3.5
 124 0.5 3
 127 3 4
 129 1 3.5
 130 1.875 3.5
 131 1.5 5.75
 133 3.5 8.5
 135 1.666666666666667 6.666666666666667
 136 4 7
 137 3 8.5
 138 1 9
 139 3.5 9
 141 3.5 6
 145 5.5 9
 146 1.5 8.5
 148 4.25 9.25
 149 2 6.5
 151 4 5.5
 154 1.5 9.5
 160 3 9
 161 3.75 6.25
 163 3.5 7
 164 3.5 6.5
 165 2.25 8.25
 166 4.5 8.75
 171 1.5 5
 173 4.5 8.5
 179 2 9.5
 181 8 3.5
 182 6.5 3.166666666666667
 185 6 3
 187 8 4
 196 8.666666666666666 3.166666666666667
 197 7 2
 198 7.5 2.5
 200 7 2.5
 201 4.5 4
 203 5.5 2
 209 8.375 2.375
 213 5.5 1.5
 214 6.5 2.5
 217 5.833333333333333 2.333333333333333
 218 6.75 3.25
 219 8 2.5
 220 7.5 3
 221 7 3.5
 224 7 2
 226 8.666666666666666 2.333333333333333
 229 8 2.5
 230 8 3.25
 232 6.5 9
 233 8.25 9.5
 237 6.5 9.5
 238 6 8.5
 241 7 9
 242 8.5 9
 245 8 9
 246 7 9
 248 9 7.25
 250 8.5 9
 252 7.75 9.5
 253 9 8
 255 7.5 9
 257 9 6.5
 260 8.5 9.5
 261 6 8
 262 7 9
 263 9 7
 265 7 9
 266 9 9
 273 8.5 5.5
 276 9 8.25
 277 8.5 8.5
 278 6 8.5
 279 8.25 9
 280 9 8.25
 83 1 4
 86 1.5 4
 92 4 2
 94 1 3.5
 99 1.5 4
 101 1.5 3.5
 104 4 1
 105 5 3.5
 108 3 3.5
 109 2.5 4.5
 110 1 3.5
 112 3.5 2
 113 1.5 4
 115 2 4
 116 2 3.5
 125 4 3.5
 132 3 9
 134 1 9
 140 1.5 7
 142 3 7
 143 2.5 5.5
 144 1 5
 147 4.625 9.25
 150 1.5 6
 152 4.5 6.25
 153 1.5 8.5
 155 2.5 6.5
 156 1.5 5.75
 158 3 7
 159 4 8
 162 1 9.5
 168 3.5 6.5
 170 3 9
 172 2 7.5
 174 1 9.5
 175 4 7.5
 176 1.375 7
 177 1.5 9
 178 4.833333333333333 5.666666666666667
 180 3 7.75
 183 8 2.5
 189 8.5 1.5
 190 6 3
 191 9 2.5
 192 6 1.5
 193 8.5 1.25
 194 8.5 2
 195 6 1
 206 8.5 3
 208 7.5 1.5
 211 5.5 3.5
 212 8.25 1.75
 215 8.5 3.5
 216 8 3.5
 222 7 4.666666666666667
 227 8.5 5
 231 8.5 5.5
 234 6 7.25
 239 8.5 5.5
 240 8.5 6
 249 8.5 7.5
 254 7 4.5
 258 5 6.25
 264 9 7
 267 5.5 9
 269 9 7
 271 4.75 6.5
 275 8.5 5
# name: Estimatedcoordinates2
# type: matrix
# rows: 68
# columns: 3
 83 1 4
 86 1.5 4
 92 4 2
 94 1 3.5
 99 1.5 4
 101 1.5 3.5
 104 4 1
 105 5 3.5
 108 3 3.5
 109 2.5 4.5
 110 1 3.5
 112 3.5 2
 113 1.5 4
 115 2 4
 116 2 3.5
 125 4 3.5
 132 3 9
 134 1 9
 140 1.5 7
 142 3 7
 143 2.5 5.5
 144 1 5
 147 4.625 9.25
 150 1.5 6
 152 4.5 6.25
 153 1.5 8.5
 155 2.5 6.5
 156 1.5 5.75
 158 3 7
 159 4 8
 162 1 9.5
 168 3.5 6.5
 170 3 9
 172 2 7.5
 174 1 9.5
 175 4 7.5
 176 1.375 7
 177 1.5 9
 178 4.833333333333333 5.666666666666667
 180 3 7.75
 183 8 2.5
 189 8.5 1.5
 190 6 3
 191 9 2.5
 192 6 1.5
 193 8.5 1.25
 194 8.5 2
 195 6 1
 206 8.5 3
 208 7.5 1.5
 211 5.5 3.5
 212 8.25 1.75
 215 8.5 3.5
 216 8 3.5
 222 7 4.666666666666667
 227 8.5 5
 231 8.5 5.5
 234 6 7.25
 239 8.5 5.5
 240 8.5 6
 249 8.5 7.5
 254 7 4.5
 258 5 6.25
 264 9 7
 267 5.5 9
 269 9 7
 271 4.75 6.5
 275 8.5 5
# name: Error_2
# type: scalar
0.7354306749665023
# name: Error_total
# type: scalar
0.7548078778582343
# name: size_EstimatedCoordinates_row
# type: scalar
68
