# Created by Octave 2.9.13, Tue Oct 16 18:52:32 2007 EDT <eagblanc@dol32>
# name: Estimatedcoordinates
# type: matrix
# rows: 93
# columns: 3
 81 2.5 4
 83 3.5 3
 86 3.166666666666667 3.666666666666667
 87 2.166666666666667 3
 88 1.75 3.5
 94 5 2
 96 1.5 2.5
 97 2 1
 100 2.5 4
 101 3.75 2.5
 105 2.5 3.25
 106 0.75 2.875
 107 3.166666666666667 2.5
 108 4 2.5
 109 1 3
 111 3.5 3
 113 3 3
 115 5 1.75
 116 3 3
 117 2.5 3.5
 118 1 3
 119 4.333333333333333 2.166666666666667
 122 4.1 3.2
 123 2 4
 124 1 1.5
 125 2.5 1
 129 3 1.5
 132 1.9 8.4
 134 2.166666666666667 9.333333333333334
 135 1 8.5
 139 0.5 8
 141 4 8.5
 143 4.833333333333333 8.166666666666666
 145 3.5 9
 148 4.5 7.5
 150 3 9.25
 151 3 5.5
 152 0.5 8
 153 3.5 6.5
 160 1.166666666666667 8.166666666666666
 162 1.25 8
 165 1.166666666666667 8.5
 167 3.5 8.75
 174 4 9
 179 3.75 5.5
 180 3.5 9
 181 4.25 1.5
 183 6 3
 185 7.5 4
 189 6 2
 191 7.777777777777778 2.666666666666667
 192 6.5 4.5
 194 6 2.5
 201 8 3
 202 7.5 3.5
 203 6.75 4.5
 208 6 3
 210 7.666666666666667 4.5
 212 6.5 3
 213 7.5 4
 214 6 2
 218 6.25 1
 219 8.75 3.5
 220 6.5 3.5
 221 8 3.5
 222 8 2
 224 7.25 3
 226 8 3.5
 227 9 3.5
 233 8.5 8.5
 234 8.5 8
 236 9 8
 238 5.666666666666667 6.416666666666667
 239 8.5 8.5
 241 8.75 8.25
 242 5.25 8
 244 5.5 7.875
 245 8 6.5
 249 5.5 7.875
 250 8.5 8
 251 8.5 8
 252 9 8.5
 255 8.5 8
 256 8.5 6
 257 8.5 7.5
 261 8.75 7.75
 263 6.75 7
 266 8.75 7.25
 271 8 5
 274 7.5 8.5
 276 6 7.5
 279 9 8
 280 7.5 7.833333333333333
# name: Error_total
# type: scalar
0.6988524411887455
# name: size_EstimatedCoordinates_row
# type: scalar
93
