# Created by Octave 2.9.13, Tue Oct 02 04:52:29 2007 EDT <eagblanc@dol24>
# name: Estimatedcoordinates
# type: matrix
# rows: 80
# columns: 3
 20 8.159999999999998 2.719999999999999
 21 1.4025 3.059999999999999
 22 8.174166666666665 1.615
 23 8.174166666666665 1.615
 25 9.094999999999999 4.419999999999999
 26 1.445 3.484999999999999
 27 2.441199999999998 5.674599999999999
 28 5.383333333333332 2.436666666666666
 29 6.969999999999998 6.799999999999998
 30 5.801249999999998 5.567499999999999
 31 1.445 3.654999999999999
 32 1.445 3.484999999999999
 34 6.629999999999998 3.456666666666666
 37 6.743333333333331 3.286666666666666
 38 6.459999999999998 7.649999999999998
 39 1.622285714285714 4.920285714285715
 41 9.094999999999999 4.674999999999999
 43 5.439999999999999 2.889999999999999
 45 2.877857142857142 4.62642857142857
 46 4.460000000000001 7.676666666666667
 47 4.419999999999999 3.739999999999999
 49 4.334999999999999 6.034999999999998
 50 1.054 1.938
 51 2.877857142857142 4.62642857142857
 52 1.36 0.5666666666666665
 54 7.989999999999998 6.459999999999998
 55 6.629999999999998 7.649999999999998
 56 1.53 1.615
 57 7.819999999999998 4.079999999999999
 58 5.411666666666665 6.828333333333332
 59 1.622285714285714 4.920285714285715
 60 3.569999999999999 5.099999999999999
 64 7.139999999999998 7.309999999999998
 65 2.493333333333332 3.654999999999999
 66 8.803571428571427 7.783571428571426
 67 6.771666666666665 1.341111111111111
 68 2.441199999999998 5.674599999999999
 69 8.499999999999998 3.399999999999999
 70 5.964166666666667 1.227777777777778
 71 7.309999999999998 4.079999999999999
 72 1.622285714285714 4.920285714285715
 73 1.87 1.02
 74 5.779999999999998 3.527499999999999
 75 8.159999999999998 4.249999999999999
 76 1.622285714285714 4.920285714285715
 77 2.04 5.354999999999998
 78 2.21 2.549999999999999
 79 2.04 5.354999999999998
 80 8.638518518518516 8.229259259259258
 81 7.479999999999998 8.669999999999998
 82 4.597391304347824 6.607826086956519
 83 3.739999999999999 4.929999999999999
 84 3.059999999999999 2.549999999999999
 85 7.054999999999997 1.331666666666667
 86 4.334999999999999 6.034999999999998
 88 9.057222222222219 1.803888888888888
 89 1.105 1.02
 90 4.943599999999999 8.187199999999997
 91 8.329999999999998 6.799999999999998
 92 2.04 5.354999999999998
 93 6.187999999999998 8.023999999999997
 95 4.703333333333332 1.983333333333333
 96 8.159999999999998 4.249999999999999
 97 1.955 3.315
 98 6.799999999999998 7.394999999999998
 100 7.989999999999998 6.799999999999998
 101 7.819999999999998 3.399999999999999
 102 7.803809523809522 1.821428571428571
 103 7.054999999999997 1.331666666666667
 104 7.139999999999998 2.21
 105 4.079999999999999 4.419999999999999
 106 8.848947368421051 1.547894736842105
 107 2.877857142857142 4.62642857142857
 108 6.289999999999998 4.249999999999999
 110 6.969999999999998 4.249999999999999
 111 4.943599999999999 8.187199999999997
 112 1.87 1.02
 114 1.53 1.36
 115 7.479999999999998 2.974999999999999
 117 3.562765957446806 6.760212765957443
# name: Error_total
# type: scalar
1.187744087963008
# name: size_EstimatedCoordinates_row
# type: scalar
80
