# Created by Octave 2.9.13, Mon Nov 05 09:50:38 2007 EST <eagblanc@wha282>
# name: Error
# type: scalar
0.5695770408602694
# name: Error_mult
# type: scalar
0.3748945400902756
# name: size_EstimatedCoordinates_row
# type: scalar
14
# name: size_Estimatedmult_row
# type: scalar
14
