# Created by Octave 2.9.13, Mon Nov 05 10:41:21 2007 EST <eagblanc@wha676>
# name: Error
# type: scalar
0.3018207354145749
# name: Error_mult
# type: scalar
0.5934708215954572
# name: size_EstimatedCoordinates_row
# type: scalar
6
# name: size_Estimatedmult_row
# type: scalar
6
