# Created by Octave 2.9.13, Mon Nov 05 10:15:00 2007 EST <eagblanc@wha492>
# name: Error
# type: scalar
0.5160452683733603
# name: Error_mult
# type: scalar
0.4198290568178163
# name: size_EstimatedCoordinates_row
# type: scalar
19
# name: size_Estimatedmult_row
# type: scalar
19
