# Created by Octave 2.9.13, Mon Nov 05 11:05:59 2007 EST <eagblanc@wha199>
# name: Error
# type: scalar
0.5515872853803095
# name: Error_mult
# type: scalar
0.5746676691972978
# name: size_EstimatedCoordinates_row
# type: scalar
20
# name: size_Estimatedmult_row
# type: scalar
20
