# Created by Octave 2.9.13, Mon Nov 05 09:26:52 2007 EST <eagblanc@wha580>
# name: Error
# type: scalar
0.5386311897390151
# name: Error_mult
# type: scalar
0.6142503633974877
# name: size_EstimatedCoordinates_row
# type: scalar
24
# name: size_Estimatedmult_row
# type: scalar
24
