# Created by Octave 2.9.13, Sun Oct 14 00:55:09 2007 EDT <eagblanc@dol29>
# name: Estimatedcoordinates_tot
# type: matrix
# rows: 119
# columns: 3
 65 5.25 4.75
 75 4 0.75
 77 3 0.5
 78 4.5 1
 82 3.75 2
 83 3.25 2
 87 3 1
 88 3.166666666666667 1.5
 90 4.5 1.5
 92 3 5
 107 4.833333333333333 0.8333333333333334
 108 1.25 0.75
 109 4 0.75
 112 4.785714285714286 5.214285714285714
 117 1.5 5.5
 125 1.166666666666667 6.5
 130 1.75 5.5
 143 3 5
 144 3.833333333333333 5.666666666666667
 150 3.75 5
 151 2.75 8.5
 155 1.5 9
 158 1.5 9
 159 2.75 8.5
 161 9 3.5
 168 5.5 1
 171 6.25 5
 177 9.5 3.5
 181 9 4
 183 9 3.4
 186 6 1
 190 6 1.5
 193 5.75 1.5
 195 9 5
 199 7 1
 213 6.5 5
 214 7.333333333333333 6.333333333333333
 216 7.5 6.75
 221 7.5 7
 223 9 4.5
 227 8.166666666666666 6
 228 6.5 9
 231 5.25 5.5
 232 7.5 7
 233 7.75 7.5
 234 5.5 8.75
 235 8.5 5
 236 7.25 8.75
 237 9 4
 240 9 5.5
 241 6.25 8
 245 6.5 8
 249 6.5 7.375
 253 9 5.5
 256 6.5 5
 260 8 6.25
 64 4 1.5
 69 5.5 1.5
 71 4.5 0.5
 72 3.5 5.5
 73 4 1
 74 2.25 4.75
 81 5 1.5
 85 4.5 1.5
 94 4.75 2
 98 5 1.5
 99 5.5 5
 101 3.875 2.875
 103 0.5 1
 104 1.833333333333333 0.8333333333333334
 114 1 7.5
 120 1.5 8
 121 1.25 7
 122 4.5 5.5
 123 2.5 5.5
 124 3.5 5.25
 132 1.5 7.5
 136 1.5 8.5
 138 1.5 7.666666666666667
 139 3.5 5.5
 141 1.166666666666667 7.333333333333333
 142 1 7.25
 145 3 5
 148 3 9
 149 2.5 8.5
 152 4 8.5
 160 2 5.5
 163 4.5 1.5
 167 9.25 3.25
 169 5.5 5
 170 9 3.75
 172 9 3.5
 175 4.5 1
 176 9.5 3.5
 179 9.5 3.25
 180 6 1
 189 6 2
 191 6.5 1.5
 194 7 5
 196 7 1.25
 197 5.25 1.75
 200 6.75 1
 201 9 4
 203 6.5 5
 204 8 4
 206 7.5 1.75
 207 5.5 1.5
 211 6 8
 212 6.5 9.5
 217 7.5 7
 222 5.5 8.5
 229 5.5 6
 230 5.75 8
 244 6.5 8
 246 7 9
 250 7 7
 252 7.5 8.5
 255 8.75 6.25
 257 6.5 6
# name: Estimatedcoordinates2
# type: matrix
# rows: 63
# columns: 3
 64 4 1.5
 69 5.5 1.5
 71 4.5 0.5
 72 3.5 5.5
 73 4 1
 74 2.25 4.75
 81 5 1.5
 85 4.5 1.5
 94 4.75 2
 98 5 1.5
 99 5.5 5
 101 3.875 2.875
 103 0.5 1
 104 1.833333333333333 0.8333333333333334
 114 1 7.5
 120 1.5 8
 121 1.25 7
 122 4.5 5.5
 123 2.5 5.5
 124 3.5 5.25
 132 1.5 7.5
 136 1.5 8.5
 138 1.5 7.666666666666667
 139 3.5 5.5
 141 1.166666666666667 7.333333333333333
 142 1 7.25
 145 3 5
 148 3 9
 149 2.5 8.5
 152 4 8.5
 160 2 5.5
 163 4.5 1.5
 167 9.25 3.25
 169 5.5 5
 170 9 3.75
 172 9 3.5
 175 4.5 1
 176 9.5 3.5
 179 9.5 3.25
 180 6 1
 189 6 2
 191 6.5 1.5
 194 7 5
 196 7 1.25
 197 5.25 1.75
 200 6.75 1
 201 9 4
 203 6.5 5
 204 8 4
 206 7.5 1.75
 207 5.5 1.5
 211 6 8
 212 6.5 9.5
 217 7.5 7
 222 5.5 8.5
 229 5.5 6
 230 5.75 8
 244 6.5 8
 246 7 9
 250 7 7
 252 7.5 8.5
 255 8.75 6.25
 257 6.5 6
# name: Error_2
# type: scalar
0.8370326669573468
# name: Error_total
# type: scalar
0.757040232396463
# name: size_EstimatedCoordinates_row
# type: scalar
63
