# Created by Octave 2.9.13, Sun Oct 14 02:01:46 2007 EDT <eagblanc@dol29>
# name: Estimatedcoordinates
# type: matrix
# rows: 53
# columns: 3
 61 5.5 2.5
 67 5.5 3
 68 5.5 2.75
 77 2 5.5
 78 1 1
 79 5.5 3
 80 1 1
 88 0.5 2.5
 90 4.75 1.5
 91 2.5 2
 99 1.5 1.5
 101 0.5 1.5
 113 3.083333333333333 5.333333333333333
 116 1.5 6.166666666666667
 118 3 6.75
 125 3.25 6
 127 3.5 7.25
 132 3.7 6.7
 147 4 7.25
 148 3.25 6
 149 4 5.5
 150 5.5 7.5
 151 2 5
 160 3.25 6
 161 5.25 3.75
 164 8 2.5
 170 5.375 4
 175 7.5 3
 177 7.875 3.75
 178 8 2.75
 181 6 2.5
 182 6.666666666666667 4.666666666666667
 186 7.75 4.75
 188 7.6 3.7
 192 5.5 2.5
 198 5 1.5
 199 6.75 2
 201 5 3
 211 6 8
 212 7.25 7.75
 215 5 8
 216 7.5 9.5
 217 6.75 8
 218 6.5 8
 222 7 8.75
 229 7.5 8.75
 230 6.75 7.5
 234 6.666666666666667 7.833333333333333
 239 5.25 7.75
 242 6.75 8
 245 7 9.5
 258 6.5 7.5
 259 5.625 9
# name: Error_total
# type: scalar
0.6854731618824137
# name: size_EstimatedCoordinates_row
# type: scalar
53
