# Created by Octave 2.9.13, Sun Oct 14 14:22:47 2007 EDT <eagblanc@dol29>
# name: Estimatedcoordinates_tot
# type: matrix
# rows: 101
# columns: 3
 76 0.5 0.5
 104 0.5 1
 105 1.5 1.5
 120 5.25 8.25
 147 2.785714285714286 5.285714285714286
 153 3 9.5
 157 2.625 5.5
 171 7.5 3.5
 177 5.625 3.625
 179 8.5 3.5
 180 6.5 3.5
 181 6.5 3.5
 184 8.5 3.5
 185 9 3.5
 188 5.333333333333333 2.583333333333333
 189 7.333333333333333 4.166666666666667
 192 5 1.5
 194 7.25 3.5
 200 5.5 3.5
 203 5.5 4
 204 6 3
 210 6.166666666666667 3.833333333333333
 213 6.5 4.714285714285714
 214 8.833333333333334 5.166666666666667
 215 5 6.625
 219 8 4.5
 223 8.5 6.5
 225 7.25 6.125
 240 8.5 6.5
 254 9.25 7
 61 5.5 4
 66 4.25 1.5
 70 5 3
 77 1.5 1.5
 86 1 1
 87 4.25 1.5
 91 3 5.5
 92 0.5 1
 93 5 1.5
 94 5.5 4
 95 1.5 1.5
 96 4.5 3.5
 98 4.75 2.5
 103 1.25 1.25
 106 4.166666666666667 4.666666666666667
 111 4.4 9.300000000000001
 116 4.2 5.5
 118 4.75 7.75
 121 4.375 6.75
 124 3 5.5
 128 3.5 9.5
 129 2.4 9.1
 131 5 6
 132 4.333333333333333 7.166666666666667
 137 5 6
 140 3.5 9
 142 2.5 9.5
 148 4.375 7.375
 149 3.5 6
 151 4 7.5
 156 4 7.5
 158 3.5 6
 162 6.5 2.5
 163 9.5 4.5
 165 8.25 5.5
 167 6 3
 168 7.5 3.5
 169 5.5 2.25
 173 9 3
 174 5.5 3.5
 176 5.5 4.5
 178 8.25 3
 187 5.5 2.5
 191 6.25 3
 195 6.5 4
 196 6 4
 198 5 2.75
 199 6.5 4
 202 7 4.5
 205 8.5 4.5
 206 9 3.5
 207 9 3
 209 9 5
 211 7.5 4.5
 218 5.5 4.75
 220 6.25 6.916666666666667
 221 4.75 6
 226 8.5 6
 228 8 6.5
 229 8.5 5
 230 4.714285714285714 6.785714285714286
 234 7 5
 238 8.5 6.5
 239 6 6.5
 241 6.4 6.9
 242 9 6
 246 8 5
 247 8 5.5
 248 7.5 5.5
 250 6.25 6.916666666666667
 258 8 5
# name: Estimatedcoordinates2
# type: matrix
# rows: 71
# columns: 3
 61 5.5 4
 66 4.25 1.5
 70 5 3
 77 1.5 1.5
 86 1 1
 87 4.25 1.5
 91 3 5.5
 92 0.5 1
 93 5 1.5
 94 5.5 4
 95 1.5 1.5
 96 4.5 3.5
 98 4.75 2.5
 103 1.25 1.25
 106 4.166666666666667 4.666666666666667
 111 4.4 9.300000000000001
 116 4.2 5.5
 118 4.75 7.75
 121 4.375 6.75
 124 3 5.5
 128 3.5 9.5
 129 2.4 9.1
 131 5 6
 132 4.333333333333333 7.166666666666667
 137 5 6
 140 3.5 9
 142 2.5 9.5
 148 4.375 7.375
 149 3.5 6
 151 4 7.5
 156 4 7.5
 158 3.5 6
 162 6.5 2.5
 163 9.5 4.5
 165 8.25 5.5
 167 6 3
 168 7.5 3.5
 169 5.5 2.25
 173 9 3
 174 5.5 3.5
 176 5.5 4.5
 178 8.25 3
 187 5.5 2.5
 191 6.25 3
 195 6.5 4
 196 6 4
 198 5 2.75
 199 6.5 4
 202 7 4.5
 205 8.5 4.5
 206 9 3.5
 207 9 3
 209 9 5
 211 7.5 4.5
 218 5.5 4.75
 220 6.25 6.916666666666667
 221 4.75 6
 226 8.5 6
 228 8 6.5
 229 8.5 5
 230 4.714285714285714 6.785714285714286
 234 7 5
 238 8.5 6.5
 239 6 6.5
 241 6.4 6.9
 242 9 6
 246 8 5
 247 8 5.5
 248 7.5 5.5
 250 6.25 6.916666666666667
 258 8 5
# name: Error_2
# type: scalar
0.7241872287627371
# name: Error_total
# type: scalar
0.7009061338896612
# name: size_EstimatedCoordinates_row
# type: scalar
71
