# Created by Octave 2.9.13, Sun Oct 14 12:33:06 2007 EDT <eagblanc@dol29>
# name: Estimatedcoordinates_tot
# type: matrix
# rows: 94
# columns: 3
 61 2.75 3
 63 2 5.5
 69 1.5 4
 71 2 4.5
 72 1.375 3.25
 82 2.75 5
 88 2 4.5
 91 2.5 5
 99 1.5 4.5
 100 2.25 3.75
 107 1.25 2.75
 112 2.5 7
 113 2.5 5.5
 114 3.5 6
 118 3.5 6.5
 121 1.5 5
 122 3 6
 126 3.5 6
 127 3.5 6
 131 2.714285714285714 7.785714285714286
 132 3 6.5
 134 1.5 4.5
 137 1 4.5
 149 3 5.75
 150 3 7.5
 156 3 6.5
 160 2.75 6
 161 7.5 4
 163 8 3.5
 165 6.75 2.75
 168 6.666666666666667 3.166666666666667
 170 6.9 4.5
 171 7.5 4
 176 6 2
 180 8 4
 184 8.5 4.5
 189 8.5 3.75
 209 5.75 4.5
 222 7.75 7.5
 230 8.9 7.1
 240 9.5 7
 246 5.125 5.5
 257 7.75 7.5
 260 8.9 7.1
 64 0.75 4
 66 2 3
 67 1.5 4.5
 68 3 5
 77 3 4.5
 80 2.5 3.5
 83 2.5 3
 84 1.5 3.5
 86 1.5 3.5
 87 3 3
 98 1 3.5
 105 0.5 1.5
 111 3.5 8.25
 139 3.5 8.25
 141 4 6.5
 147 4.5 6
 151 2.75 8
 153 3 7
 155 3.5 7.5
 157 0.5 5
 164 8 4
 166 6.5 3.5
 173 8 4
 174 5.5 5
 175 8.5 3.5
 179 6.5 4
 181 6 4
 188 8.5 2
 190 6 2.5
 192 8.5 3.5
 198 6.5 4.5
 202 8 4
 204 8 3.5
 206 7 3
 207 6.75 2.75
 212 8.75 7
 215 7.5 7.5
 218 9.5 6.5
 226 8.875 8.375
 228 9 6.5
 229 6.5 5
 232 5.75 6.5
 233 9 5.5
 235 7.214285714285714 5
 244 6 5
 245 8.75 7
 248 8.5 7.25
 250 9.5 7
 252 8 4.5
 256 9.166666666666666 5.833333333333333
# name: Estimatedcoordinates2
# type: matrix
# rows: 50
# columns: 3
 64 0.75 4
 66 2 3
 67 1.5 4.5
 68 3 5
 77 3 4.5
 80 2.5 3.5
 83 2.5 3
 84 1.5 3.5
 86 1.5 3.5
 87 3 3
 98 1 3.5
 105 0.5 1.5
 111 3.5 8.25
 139 3.5 8.25
 141 4 6.5
 147 4.5 6
 151 2.75 8
 153 3 7
 155 3.5 7.5
 157 0.5 5
 164 8 4
 166 6.5 3.5
 173 8 4
 174 5.5 5
 175 8.5 3.5
 179 6.5 4
 181 6 4
 188 8.5 2
 190 6 2.5
 192 8.5 3.5
 198 6.5 4.5
 202 8 4
 204 8 3.5
 206 7 3
 207 6.75 2.75
 212 8.75 7
 215 7.5 7.5
 218 9.5 6.5
 226 8.875 8.375
 228 9 6.5
 229 6.5 5
 232 5.75 6.5
 233 9 5.5
 235 7.214285714285714 5
 244 6 5
 245 8.75 7
 248 8.5 7.25
 250 9.5 7
 252 8 4.5
 256 9.166666666666666 5.833333333333333
# name: Error_2
# type: scalar
0.8415617724707748
# name: Error_total
# type: scalar
0.7863911332870041
# name: size_EstimatedCoordinates_row
# type: scalar
50
