# Created by Octave 2.9.13, Sun Oct 14 00:46:01 2007 EDT <eagblanc@dol29>
# name: Estimatedcoordinates
# type: matrix
# rows: 56
# columns: 3
 65 5.25 4.75
 75 4 0.75
 77 3 0.5
 78 4.5 1
 82 3.75 2
 83 3.25 2
 87 3 1
 88 3.166666666666667 1.5
 90 4.5 1.5
 92 3 5
 107 4.833333333333333 0.8333333333333334
 108 1.25 0.75
 109 4 0.75
 112 4.785714285714286 5.214285714285714
 117 1.5 5.5
 125 1.166666666666667 6.5
 130 1.75 5.5
 143 3 5
 144 3.833333333333333 5.666666666666667
 150 3.75 5
 151 2.75 8.5
 155 1.5 9
 158 1.5 9
 159 2.75 8.5
 161 9 3.5
 168 5.5 1
 171 6.25 5
 177 9.5 3.5
 181 9 4
 183 9 3.4
 186 6 1
 190 6 1.5
 193 5.75 1.5
 195 9 5
 199 7 1
 213 6.5 5
 214 7.333333333333333 6.333333333333333
 216 7.5 6.75
 221 7.5 7
 223 9 4.5
 227 8.166666666666666 6
 228 6.5 9
 231 5.25 5.5
 232 7.5 7
 233 7.75 7.5
 234 5.5 8.75
 235 8.5 5
 236 7.25 8.75
 237 9 4
 240 9 5.5
 241 6.25 8
 245 6.5 8
 249 6.5 7.375
 253 9 5.5
 256 6.5 5
 260 8 6.25
# name: Error_total
# type: scalar
0.6554822040827639
# name: size_EstimatedCoordinates_row
# type: scalar
56
