# Created by Octave 2.9.13, Sun Oct 14 12:23:35 2007 EDT <eagblanc@dol29>
# name: Estimatedcoordinates
# type: matrix
# rows: 44
# columns: 3
 61 2.75 3
 63 2 5.5
 69 1.5 4
 71 2 4.5
 72 1.375 3.25
 82 2.75 5
 88 2 4.5
 91 2.5 5
 99 1.5 4.5
 100 2.25 3.75
 107 1.25 2.75
 112 2.5 7
 113 2.5 5.5
 114 3.5 6
 118 3.5 6.5
 121 1.5 5
 122 3 6
 126 3.5 6
 127 3.5 6
 131 2.714285714285714 7.785714285714286
 132 3 6.5
 134 1.5 4.5
 137 1 4.5
 149 3 5.75
 150 3 7.5
 156 3 6.5
 160 2.75 6
 161 7.5 4
 163 8 3.5
 165 6.75 2.75
 168 6.666666666666667 3.166666666666667
 170 6.9 4.5
 171 7.5 4
 176 6 2
 180 8 4
 184 8.5 4.5
 189 8.5 3.75
 209 5.75 4.5
 222 7.75 7.5
 230 8.9 7.1
 240 9.5 7
 246 5.125 5.5
 257 7.75 7.5
 260 8.9 7.1
# name: Error_total
# type: scalar
0.7185737850384885
# name: size_EstimatedCoordinates_row
# type: scalar
44
