# Created by Octave 2.9.13, Sun Oct 14 14:12:44 2007 EDT <eagblanc@dol29>
# name: Estimatedcoordinates
# type: matrix
# rows: 30
# columns: 3
 76 0.5 0.5
 104 0.5 1
 105 1.5 1.5
 120 5.25 8.25
 147 2.785714285714286 5.285714285714286
 153 3 9.5
 157 2.625 5.5
 171 7.5 3.5
 177 5.625 3.625
 179 8.5 3.5
 180 6.5 3.5
 181 6.5 3.5
 184 8.5 3.5
 185 9 3.5
 188 5.333333333333333 2.583333333333333
 189 7.333333333333333 4.166666666666667
 192 5 1.5
 194 7.25 3.5
 200 5.5 3.5
 203 5.5 4
 204 6 3
 210 6.166666666666667 3.833333333333333
 213 6.5 4.714285714285714
 214 8.833333333333334 5.166666666666667
 215 5 6.625
 219 8 4.5
 223 8.5 6.5
 225 7.25 6.125
 240 8.5 6.5
 254 9.25 7
# name: Error_total
# type: scalar
0.6424552684149184
# name: size_EstimatedCoordinates_row
# type: scalar
30
