# Created by Octave 2.9.13, Sun Oct 14 02:12:24 2007 EDT <eagblanc@dol29>
# name: Estimatedcoordinates_tot
# type: matrix
# rows: 126
# columns: 3
 61 5.5 2.5
 67 5.5 3
 68 5.5 2.75
 77 2 5.5
 78 1 1
 79 5.5 3
 80 1 1
 88 0.5 2.5
 90 4.75 1.5
 91 2.5 2
 99 1.5 1.5
 101 0.5 1.5
 113 3.083333333333333 5.333333333333333
 116 1.5 6.166666666666667
 118 3 6.75
 125 3.25 6
 127 3.5 7.25
 132 3.7 6.7
 147 4 7.25
 148 3.25 6
 149 4 5.5
 150 5.5 7.5
 151 2 5
 160 3.25 6
 161 5.25 3.75
 164 8 2.5
 170 5.375 4
 175 7.5 3
 177 7.875 3.75
 178 8 2.75
 181 6 2.5
 182 6.666666666666667 4.666666666666667
 186 7.75 4.75
 188 7.6 3.7
 192 5.5 2.5
 198 5 1.5
 199 6.75 2
 201 5 3
 211 6 8
 212 7.25 7.75
 215 5 8
 216 7.5 9.5
 217 6.75 8
 218 6.5 8
 222 7 8.75
 229 7.5 8.75
 230 6.75 7.5
 234 6.666666666666667 7.833333333333333
 239 5.25 7.75
 242 6.75 8
 245 7 9.5
 258 6.5 7.5
 259 5.625 9
 62 3.5 5
 63 1.75 5
 64 1 1.5
 66 4 2.5
 69 1.5 1
 74 0.5 1.5
 75 4.75 3.25
 76 4 2.5
 82 4.5 3
 83 4.5 4
 84 5 2.5
 86 3.75 2
 89 4.5 2.5
 93 0.5 2.25
 97 1 1.5
 100 0.6666666666666666 2.5
 103 1.5 5
 105 4.75 1
 106 0.8333333333333334 2.833333333333333
 107 5 2
 108 2 5
 109 1.5 0.5
 111 2.5 6
 115 5 8.75
 117 3 6.5
 119 5.5 8.5
 121 4 8
 122 3.5 6.5
 126 3.75 5.75
 129 3 6
 135 4 5.5
 136 3 6
 138 3.75 8
 141 5 9
 143 3.5 6
 144 4 7
 154 3 5.5
 155 4 8.5
 157 3 6.5
 158 4 8.5
 159 4 8.5
 163 5.5 3
 165 6 2
 166 6 4.5
 167 7 2.5
 169 8 4.5
 171 6 4
 173 6 2
 179 8.875 3.75
 185 7 3
 187 7.5 3.5
 189 8 2
 191 5 2.5
 196 7.5 4
 202 8 3
 203 7.5 3.5
 206 7 3
 207 6 2
 221 7.5 5
 224 5 9
 226 5.5 8
 228 8 5
 231 7 7
 233 8 8.5
 235 5.5 8.5
 236 7.5 9.25
 238 6.5 5.5
 241 7 4.5
 244 8 4.666666666666667
 252 7.5 9.5
 253 7.5 8.5
 254 7.5 8.75
 260 7.5 9
# name: Estimatedcoordinates2
# type: matrix
# rows: 73
# columns: 3
 62 3.5 5
 63 1.75 5
 64 1 1.5
 66 4 2.5
 69 1.5 1
 74 0.5 1.5
 75 4.75 3.25
 76 4 2.5
 82 4.5 3
 83 4.5 4
 84 5 2.5
 86 3.75 2
 89 4.5 2.5
 93 0.5 2.25
 97 1 1.5
 100 0.6666666666666666 2.5
 103 1.5 5
 105 4.75 1
 106 0.8333333333333334 2.833333333333333
 107 5 2
 108 2 5
 109 1.5 0.5
 111 2.5 6
 115 5 8.75
 117 3 6.5
 119 5.5 8.5
 121 4 8
 122 3.5 6.5
 126 3.75 5.75
 129 3 6
 135 4 5.5
 136 3 6
 138 3.75 8
 141 5 9
 143 3.5 6
 144 4 7
 154 3 5.5
 155 4 8.5
 157 3 6.5
 158 4 8.5
 159 4 8.5
 163 5.5 3
 165 6 2
 166 6 4.5
 167 7 2.5
 169 8 4.5
 171 6 4
 173 6 2
 179 8.875 3.75
 185 7 3
 187 7.5 3.5
 189 8 2
 191 5 2.5
 196 7.5 4
 202 8 3
 203 7.5 3.5
 206 7 3
 207 6 2
 221 7.5 5
 224 5 9
 226 5.5 8
 228 8 5
 231 7 7
 233 8 8.5
 235 5.5 8.5
 236 7.5 9.25
 238 6.5 5.5
 241 7 4.5
 244 8 4.666666666666667
 252 7.5 9.5
 253 7.5 8.5
 254 7.5 8.75
 260 7.5 9
# name: Error_2
# type: scalar
0.8355589725668907
# name: Error_total
# type: scalar
0.7759729443437424
# name: size_EstimatedCoordinates_row
# type: scalar
73
