# Created by Octave 2.9.13, Sat Oct 13 21:18:05 2007 EDT <eagblanc@dol29>
# name: Estimatedcoordinates_tot
# type: matrix
# rows: 116
# columns: 3
 62 1.833333333333333 2.333333333333333
 65 1.5 4
 66 5 1.5
 71 5 1
 80 5.5 1.5
 81 1 1.5
 84 3.4 2.2
 88 2 4
 96 1.625 3.625
 100 4.5 1.5
 104 5 1
 106 1.833333333333333 2.333333333333333
 114 2.5 7.5
 115 2 7.333333333333333
 123 1.5 8.5
 127 1 9
 128 1.666666666666667 7
 130 2 6
 132 1.333333333333333 7.333333333333333
 135 2 7
 138 1.5 5
 141 1.75 7.25
 142 1 8.5
 148 2 5.5
 149 1.5 6.5
 151 1.75 5.25
 154 1 8
 156 2 6
 158 2 6
 159 1.75 5.75
 166 5.5 2.25
 174 4.5 1.5
 176 5.5 2
 180 5.5 1.5
 182 4.75 2.25
 193 4.5 2
 194 5 2
 200 5.5 2
 208 5 1
 209 5.5 1.5
 213 7 8.5
 214 7 8.75
 225 8 8.25
 226 8 8.25
 236 7 9.5
 238 8 7.5
 240 8.75 8.25
 249 6.5 9
 257 8 9
 260 8 8.5
 63 2.5 3.5
 68 2 4
 72 1.5 5
 74 1.5 2.75
 75 5 1
 76 5.5 3.5
 83 5 2
 85 2.5 1
 86 5.5 3
 87 1 5
 89 2 3
 90 1.5 4
 91 1.5 3.5
 92 1 2.75
 93 2 1.5
 94 1.333333333333333 0.8333333333333334
 97 3.75 2
 99 4 1.5
 101 2.5 2.5
 102 1 2
 103 0.75 2.25
 105 1.5 2.75
 109 2.5 2.5
 110 1 5.25
 118 2 7.25
 120 1 6.5
 122 2 5.75
 125 1.5 5
 126 1.5 8
 129 2.5 6.5
 137 1.5 7.5
 139 2.5 7.25
 144 1.5 8.75
 147 2 5.5
 150 3 7.25
 170 5 2.5
 173 6 1
 181 6 2
 188 5.5 1
 195 6 2
 196 7 2.25
 199 6 2
 203 5.5 2
 206 5.5 1
 211 8 8
 215 7.5 8
 216 6 9.5
 218 6 8.5
 219 8.166666666666666 7.833333333333333
 222 8.25 8
 223 9 7.5
 224 8.5 9.25
 228 8.5 8
 229 8 7
 231 7.25 8.5
 232 6.5 9
 233 6.666666666666667 7.333333333333333
 234 5.5 8.75
 235 6.25 7.5
 239 5.5 8
 243 8 6.25
 245 8.5 9.25
 246 9 8.75
 247 8 7.5
 248 5.875 8.375
 255 7.5 8
# name: Estimatedcoordinates2
# type: matrix
# rows: 66
# columns: 3
 63 2.5 3.5
 68 2 4
 72 1.5 5
 74 1.5 2.75
 75 5 1
 76 5.5 3.5
 83 5 2
 85 2.5 1
 86 5.5 3
 87 1 5
 89 2 3
 90 1.5 4
 91 1.5 3.5
 92 1 2.75
 93 2 1.5
 94 1.333333333333333 0.8333333333333334
 97 3.75 2
 99 4 1.5
 101 2.5 2.5
 102 1 2
 103 0.75 2.25
 105 1.5 2.75
 109 2.5 2.5
 110 1 5.25
 118 2 7.25
 120 1 6.5
 122 2 5.75
 125 1.5 5
 126 1.5 8
 129 2.5 6.5
 137 1.5 7.5
 139 2.5 7.25
 144 1.5 8.75
 147 2 5.5
 150 3 7.25
 170 5 2.5
 173 6 1
 181 6 2
 188 5.5 1
 195 6 2
 196 7 2.25
 199 6 2
 203 5.5 2
 206 5.5 1
 211 8 8
 215 7.5 8
 216 6 9.5
 218 6 8.5
 219 8.166666666666666 7.833333333333333
 222 8.25 8
 223 9 7.5
 224 8.5 9.25
 228 8.5 8
 229 8 7
 231 7.25 8.5
 232 6.5 9
 233 6.666666666666667 7.333333333333333
 234 5.5 8.75
 235 6.25 7.5
 239 5.5 8
 243 8 6.25
 245 8.5 9.25
 246 9 8.75
 247 8 7.5
 248 5.875 8.375
 255 7.5 8
# name: Error_2
# type: scalar
0.821328614740966
# name: Error_total
# type: scalar
0.7957429255619587
# name: size_EstimatedCoordinates_row
# type: scalar
66
