# Created by Octave 2.9.13, Sat Oct 13 21:01:04 2007 EDT <eagblanc@dol29>
# name: Estimatedcoordinates
# type: matrix
# rows: 50
# columns: 3
 62 1.833333333333333 2.333333333333333
 65 1.5 4
 66 5 1.5
 71 5 1
 80 5.5 1.5
 81 1 1.5
 84 3.4 2.2
 88 2 4
 96 1.625 3.625
 100 4.5 1.5
 104 5 1
 106 1.833333333333333 2.333333333333333
 114 2.5 7.5
 115 2 7.333333333333333
 123 1.5 8.5
 127 1 9
 128 1.666666666666667 7
 130 2 6
 132 1.333333333333333 7.333333333333333
 135 2 7
 138 1.5 5
 141 1.75 7.25
 142 1 8.5
 148 2 5.5
 149 1.5 6.5
 151 1.75 5.25
 154 1 8
 156 2 6
 158 2 6
 159 1.75 5.75
 166 5.5 2.25
 174 4.5 1.5
 176 5.5 2
 180 5.5 1.5
 182 4.75 2.25
 193 4.5 2
 194 5 2
 200 5.5 2
 208 5 1
 209 5.5 1.5
 213 7 8.5
 214 7 8.75
 225 8 8.25
 226 8 8.25
 236 7 9.5
 238 8 7.5
 240 8.75 8.25
 249 6.5 9
 257 8 9
 260 8 8.5
# name: Error_total
# type: scalar
0.7606531857766486
# name: size_EstimatedCoordinates_row
# type: scalar
50
