# Created by Octave 2.9.13, Wed Oct 17 16:22:46 2007 EDT <eagblanc@dol31>
# name: Estimatedcoordinates_tot
# type: matrix
# rows: 176
# columns: 3
 101 2 5
 102 3.5 5
 103 1 5.5
 104 2 4.5
 105 0.5 0.5
 107 1.5 4.5
 109 1 3.5
 110 1.5 4.5
 111 4.75 3
 112 2 5.25
 113 4.5 2
 114 0.8 1.1
 115 4.833333333333333 3.333333333333333
 116 2 5.5
 119 2.7 1.4
 120 0.5 4
 124 1 4.5
 126 3.2 4.5
 128 0.75 5
 130 1.5 5.5
 132 1.666666666666667 0.6666666666666666
 133 4 2.5
 135 1 3.5
 137 4 3.5
 138 4.5 4
 141 2.7 1.4
 143 2.5 3.5
 146 1.5 5
 148 1 4
 149 5 2.5
 151 0.5 7.5
 153 1 8
 154 2.5 6.5
 156 0.75 7.75
 161 4.5 5.5
 162 2 6
 163 2.5 7
 165 1.625 7.75
 166 4.333333333333333 7.166666666666667
 167 1 7.5
 169 2.75 6.75
 170 2.666666666666667 7.666666666666667
 171 1.25 7.25
 174 3.5 5.5
 175 2.5 7
 176 1.8 8.6
 177 2.5 5
 179 1.5 5
 180 1 7.5
 181 1 7.75
 182 2.5 5.5
 183 1.25 5.75
 184 1.5 6
 186 0.5 4.5
 187 2.5 7
 192 3.75 6
 193 2.5 5.5
 194 1.75 8
 196 2 5
 197 3.5 7
 198 4 7
 199 2 8
 201 7 3
 203 6 2.5
 205 5.833333333333333 4.833333333333333
 208 6.5 2.5
 211 7.5 3.5
 212 6.5 2.5
 214 5 2.5
 216 6 4.5
 217 8.5 4.5
 218 8.5 4.5
 221 6.666666666666667 4.5
 222 4.666666666666667 1.833333333333333
 224 5 2.5
 225 6 3.5
 226 8 3.5
 230 7 2.25
 231 6 4.5
 232 5.5 3
 233 8.75 2.5
 235 5.5 4.5
 236 5.25 1.75
 238 9 2.75
 240 8.5 5
 241 7.75 3.75
 242 7 4
 243 9 4.5
 246 5.5 4
 248 9 5
 249 5 1.5
 251 9 8.5
 252 8.25 9.25
 254 7.25 9.5
 257 8.5 5.25
 258 7.5 9
 259 8.5 7.5
 260 9 4.75
 261 8.333333333333334 6.833333333333333
 263 9 8.5
 265 5.25 5.25
 267 8.166666666666666 8.5
 271 9.5 9
 273 9 8.5
 276 5.5 5.333333333333333
 278 8.5 9
 280 9.25 7
 281 8 9.5
 282 6 5.5
 283 9 8
 284 8.5 7.5
 287 8 6.5
 290 8.375 7
 292 9 7.5
 293 8 6
 294 8.5 8
 106 2 2.75
 108 1 3.5
 117 2 0.5
 118 1 1.5
 121 3 2
 122 1.5 1
 123 2.5 1
 131 2 3.5
 134 4 2.5
 136 2.5 4
 139 2.5 2.75
 140 1 3
 142 3.75 1.75
 144 2.25 0.75
 145 1.5 1
 147 3 3.5
 150 0.75 0.75
 152 0.5 6
 155 1.5 8.5
 158 1 8.5
 159 4 7.5
 168 3.5 7
 185 4.5 8.166666666666666
 189 3 6.5
 190 1 9
 191 2 8.5
 195 1.5 8.25
 204 6.75 1.25
 207 8 2.5
 209 6 2
 210 6 1.5
 215 6 2.5
 220 5 1
 223 7.25 2
 228 9 5
 229 9 3
 234 6 1.5
 237 8 5
 239 8.5 5
 245 5.75 1.5
 247 9 4
 255 7.25 9.5
 256 9.25 7.25
 262 5.5 5.5
 264 8 7.5
 268 7.5 6
 269 7 6.5
 274 7.5 6
 277 5.5 6.25
 279 7 9
 285 4.5 7.5
 286 9 9
 288 8 6.5
 289 7 6.75
 295 7 9
 296 5.5 7
 297 6.5 8.75
 298 9 8.5
 299 7.833333333333333 7.333333333333333
 300 8 8.5
# name: Estimatedcoordinates2
# type: matrix
# rows: 60
# columns: 3
 106 2 2.75
 108 1 3.5
 117 2 0.5
 118 1 1.5
 121 3 2
 122 1.5 1
 123 2.5 1
 131 2 3.5
 134 4 2.5
 136 2.5 4
 139 2.5 2.75
 140 1 3
 142 3.75 1.75
 144 2.25 0.75
 145 1.5 1
 147 3 3.5
 150 0.75 0.75
 152 0.5 6
 155 1.5 8.5
 158 1 8.5
 159 4 7.5
 168 3.5 7
 185 4.5 8.166666666666666
 189 3 6.5
 190 1 9
 191 2 8.5
 195 1.5 8.25
 204 6.75 1.25
 207 8 2.5
 209 6 2
 210 6 1.5
 215 6 2.5
 220 5 1
 223 7.25 2
 228 9 5
 229 9 3
 234 6 1.5
 237 8 5
 239 8.5 5
 245 5.75 1.5
 247 9 4
 255 7.25 9.5
 256 9.25 7.25
 262 5.5 5.5
 264 8 7.5
 268 7.5 6
 269 7 6.5
 274 7.5 6
 277 5.5 6.25
 279 7 9
 285 4.5 7.5
 286 9 9
 288 8 6.5
 289 7 6.75
 295 7 9
 296 5.5 7
 297 6.5 8.75
 298 9 8.5
 299 7.833333333333333 7.333333333333333
 300 8 8.5
# name: Error_2
# type: scalar
0.7752468743131941
# name: Error_total
# type: scalar
0.7420545044217248
# name: size_EstimatedCoordinates_row
# type: scalar
60
