# Created by Octave 2.9.13, Thu Oct 25 02:31:50 2007 EDT <eagblanc@wha364>
# name: Estimatedcoordinates_tot
# type: matrix
# rows: 186
# columns: 3
 102 1.5 4.5
 103 4.166666666666667 4.166666666666667
 104 2.25 4.5
 105 1.5 2
 106 4.166666666666667 4.166666666666667
 110 3.5 4.5
 111 3 4.5
 113 3.5 3.75
 114 2.5 1
 115 4.5 1
 119 2.25 0.75
 120 4 4
 122 1.5 1.5
 123 2.5 2
 124 0.5 5.5
 127 4 1
 128 2.5 1
 129 1 1.25
 131 3.75 2.166666666666667
 132 4 3.5
 135 3 5.5
 136 3.5 0.5
 138 3.75 1
 140 4 1
 143 4.5 1
 146 3.5 0.5
 147 3.5 1.5
 148 1 1.25
 149 2.5 5.5
 150 3 5.5
 151 3 5.5
 152 1 9
 153 2.25 6.25
 155 4 6.5
 156 1 4.75
 158 3.5 6.5
 159 1 7
 160 0.5 5.5
 162 1 8
 163 1.75 5.25
 164 3.5 6
 166 1.5 9
 169 4.75 7.75
 170 3.333333333333333 6.833333333333333
 173 1.5 9.5
 174 1.125 8.5
 177 3.5 7.5
 179 4.5 6
 181 4.5 6.5
 182 4 4.75
 183 3.5 6.5
 186 1.4 6.7
 187 4.5 7
 189 4 6
 190 3 6
 191 1.5 9
 192 1.5 9.5
 194 2.25 6.25
 195 1 5.5
 196 3 6
 198 3 6
 199 1 9.5
 202 9 4
 204 9 1.25
 205 7.5 0.5
 206 7 3.5
 207 4.5 1
 210 8 4.5
 214 8.5 0.5
 215 8.25 3.75
 216 8.25 3.25
 217 6.5 4.5
 219 9 3
 220 6 5.5
 222 7 4.5
 224 6.875 1.125
 225 9 3
 228 9 1
 229 5.5 2.5
 230 6 2.5
 232 9 2
 233 6.5 3
 235 9 3.5
 237 7.5 1
 238 8.75 1.5
 239 9 2
 240 5.5 2.25
 241 7 4.25
 242 7 4
 243 7.5 4
 245 7 1.5
 246 7 4
 247 7.5 3
 248 8 4
 250 9 5.5
 251 5.5 8
 252 9.5 8.5
 255 7 5
 256 9 5.5
 257 7 7.5
 259 9 7
 260 9.25 5.5
 261 7.5 5
 262 6.5 5.5
 263 7.5 5
 264 8.75 8.75
 266 8 8.75
 267 7 8
 270 8.5 8.833333333333334
 271 7.2 8
 273 5.333333333333333 7.666666666666667
 275 5.5 5.75
 276 9 8
 278 5.5 5.5
 279 8.5 8.25
 280 6.166666666666667 5.5
 281 8.75 7.75
 282 8.5 8.5
 283 9 7.5
 285 9 7.5
 286 8.5 6.75
 287 6.5 6.916666666666667
 288 5.75 7
 290 6.5 5
 292 6 6.5
 293 5 7
 294 8.5 7
 295 9.5 6.5
 296 6 6.5
 297 7.5 8
 107 4 2
 108 3.5 1
 109 1.5 2.5
 112 3.5 1.5
 116 4 3.5
 117 3.5 1
 121 3 0.5
 125 5 4.5
 126 3 3
 130 3.5 2
 133 1 2
 137 1.5 4.5
 139 3 4
 141 3.5 1.5
 142 3.5 0.5
 144 4 1.5
 145 1.125 3
 154 3.5 7.75
 161 3 7.5
 165 2 8.5
 167 2 9
 168 4.25 7
 171 1.5 9
 172 4.25 7.5
 180 2 9
 185 0.5 9.5
 188 2 8.833333333333334
 200 0.75 9.25
 201 9 4.25
 203 9 0.75
 208 4.25 0.75
 209 7.5 3.5
 212 9 3
 213 9.333333333333334 2.666666666666667
 218 7 0.5
 221 9 4.5
 223 7.75 0.5
 226 8.25 1
 227 5.5 2.5
 231 5.5 1.5
 234 7.5 3.5
 244 8.5 0.5
 249 9 1
 253 7.75 9
 254 7 9.25
 258 9 8
 265 7.5 8.25
 268 9.5 7
 269 9.5 7
 272 7.5 9.5
 274 9 7
 277 8.5 9
 289 9.25 7
 291 6 8
 299 8.5 6.5
 300 8.5 9
# name: Estimatedcoordinates2
# type: matrix
# rows: 56
# columns: 3
 107 4 2
 108 3.5 1
 109 1.5 2.5
 112 3.5 1.5
 116 4 3.5
 117 3.5 1
 121 3 0.5
 125 5 4.5
 126 3 3
 130 3.5 2
 133 1 2
 137 1.5 4.5
 139 3 4
 141 3.5 1.5
 142 3.5 0.5
 144 4 1.5
 145 1.125 3
 154 3.5 7.75
 161 3 7.5
 165 2 8.5
 167 2 9
 168 4.25 7
 171 1.5 9
 172 4.25 7.5
 180 2 9
 185 0.5 9.5
 188 2 8.833333333333334
 200 0.75 9.25
 201 9 4.25
 203 9 0.75
 208 4.25 0.75
 209 7.5 3.5
 212 9 3
 213 9.333333333333334 2.666666666666667
 218 7 0.5
 221 9 4.5
 223 7.75 0.5
 226 8.25 1
 227 5.5 2.5
 231 5.5 1.5
 234 7.5 3.5
 244 8.5 0.5
 249 9 1
 253 7.75 9
 254 7 9.25
 258 9 8
 265 7.5 8.25
 268 9.5 7
 269 9.5 7
 272 7.5 9.5
 274 9 7
 277 8.5 9
 289 9.25 7
 291 6 8
 299 8.5 6.5
 300 8.5 9
# name: Error_2
# type: scalar
0.8675727489657725
# name: Error_total
# type: scalar
0.75207868622215
# name: size_EstimatedCoordinates_row
# type: scalar
56
