# Created by Octave 2.9.13, Thu Oct 18 03:33:12 2007 EDT <eagblanc@dol32>
# name: Estimatedcoordinates_tot
# type: matrix
# rows: 189
# columns: 3
 101 2.5 3.25
 102 2.5 0.5
 103 0.5 4
 104 4.25 2.75
 105 1.25 0.75
 106 0.5 2
 107 2 1.5
 108 1.5 0.5
 110 5 3.5
 111 4.5 5.5
 113 5 2.5
 115 2.25 4.25
 117 2 3.75
 118 3 2.5
 121 1.5 1.5
 122 0.75 1.5
 123 3.833333333333333 5
 124 1 3
 125 1.5 2.5
 126 1.5 0.5
 128 1 3
 129 0.75 1
 130 1.5 1.75
 133 0.5 3
 134 5 3
 135 3.875 0.875
 137 1.25 1
 139 2.5 0.5
 140 0.5 4
 141 3.666666666666667 3.166666666666667
 142 4.25 2
 144 0.75 5
 148 3.5 1
 150 3.25 4.75
 151 3 7
 152 4.5 8.5
 154 4.75 8.75
 155 1.5 7.5
 157 2.8 6.1
 158 2.5 6.75
 159 1.375 8.125
 160 4 8
 163 5 6.5
 167 4.5 6.5
 168 4.75 5.75
 169 1.666666666666667 9
 171 3 7.5
 172 4.5 8
 173 5 9
 174 5.5 8.25
 175 0.5 8
 176 4 8.75
 177 0.5 8
 180 4 8.5
 181 3.5 9.25
 182 5 6
 183 3.5 7.5
 184 3.833333333333333 5
 186 5 8
 188 5 7
 191 0.5 7.5
 192 3 8
 193 4.5 8
 194 5.5 5.5
 196 4.5 6.75
 197 4.5 9
 198 5 8
 201 7 3
 202 8.5 0.5
 205 9 3.25
 207 6.5 3.5
 209 8 3.5
 210 8.5 0.5
 211 6 3
 212 7 2
 213 6.5 2.5
 216 8.5 4.5
 217 7.25 3
 218 8.5 2
 220 8.5 3
 221 6.75 1.5
 222 8.625 2.875
 224 9 3.5
 225 8 2
 226 8 2
 227 5.5 2.5
 228 5.5 2.25
 230 8.5 1
 231 9.333333333333334 4
 232 6.5 5
 234 5 3.5
 235 8.5 0.5
 236 6.5 4
 237 8.5 2.5
 238 7 1.5
 239 5.75 2.5
 240 6 4
 241 8 1.5
 242 9.333333333333334 4
 243 8 1.5
 244 8 2.5
 246 6 2
 247 8.25 2.75
 249 7.5 1
 250 9 3.5
 251 7.5 6.25
 252 5.5 9
 254 7.5 8.5
 256 7.166666666666667 7.166666666666667
 257 5 8
 260 6.25 6
 261 7.5 6.5
 262 6.5 7.5
 263 7.5 9.5
 265 5.75 8
 267 8.875 6.375
 269 7.5 7.5
 270 7 9
 271 7.5 7
 272 7 7
 273 8 5
 274 6 9
 278 5.5 5.5
 279 7 7.5
 280 8 6.5
 281 5.5 5.5
 283 7 8.5
 284 7 7
 286 6 5.5
 287 5 8.5
 289 7.5 6.5
 290 6.25 6.25
 293 7 9
 294 7.5 6.5
 295 8.875 6.375
 296 7 5
 297 6.5 9.333333333333334
 300 7 8.5
 109 3 4
 112 2.5 1.5
 114 5 4.5
 116 3.75 2.25
 119 3.833333333333333 4.666666666666667
 120 4.5 4
 127 4 1.5
 131 4.5 1.5
 132 0.5 4.5
 136 2.5 3.5
 138 0.5 4
 143 1.5 1.5
 145 4 2.5
 146 0.5 4
 147 3 3.5
 149 1.5 3.5
 153 0.5 7
 156 3 6.5
 161 0.75 6.75
 162 3.5 6
 164 4 6
 165 2.5 7
 166 1 8.5
 170 1 8.5
 178 1 8
 179 1 7.75
 185 2 8
 187 4.5 9
 190 0.5 4.75
 195 0.5 8
 199 2 7
 203 9 3.5
 204 9.25 4
 206 9 3
 208 7.5 0.5
 215 6 2
 219 5 1.5
 223 5.5 2
 229 8 1
 233 9 3.5
 245 7.75 1
 248 7 1
 255 9.5 6.5
 264 8.5 6.5
 266 8 5
 275 8 6
 277 8.5 5.5
 285 7.5 9
 288 7 7.5
 292 8.75 7
 299 9 5.25
# name: Estimatedcoordinates2
# type: matrix
# rows: 51
# columns: 3
 109 3 4
 112 2.5 1.5
 114 5 4.5
 116 3.75 2.25
 119 3.833333333333333 4.666666666666667
 120 4.5 4
 127 4 1.5
 131 4.5 1.5
 132 0.5 4.5
 136 2.5 3.5
 138 0.5 4
 143 1.5 1.5
 145 4 2.5
 146 0.5 4
 147 3 3.5
 149 1.5 3.5
 153 0.5 7
 156 3 6.5
 161 0.75 6.75
 162 3.5 6
 164 4 6
 165 2.5 7
 166 1 8.5
 170 1 8.5
 178 1 8
 179 1 7.75
 185 2 8
 187 4.5 9
 190 0.5 4.75
 195 0.5 8
 199 2 7
 203 9 3.5
 204 9.25 4
 206 9 3
 208 7.5 0.5
 215 6 2
 219 5 1.5
 223 5.5 2
 229 8 1
 233 9 3.5
 245 7.75 1
 248 7 1
 255 9.5 6.5
 264 8.5 6.5
 266 8 5
 275 8 6
 277 8.5 5.5
 285 7.5 9
 288 7 7.5
 292 8.75 7
 299 9 5.25
# name: Error_2
# type: scalar
0.7821753636941819
# name: Error_total
# type: scalar
0.7526211647054437
# name: size_EstimatedCoordinates_row
# type: scalar
51
