# Created by Octave 2.9.13, Wed Oct 17 23:55:25 2007 EDT <eagblanc@dol31>
# name: Estimatedcoordinates
# type: matrix
# rows: 126
# columns: 3
 102 4 2.75
 103 4 2.5
 104 4 1.5
 106 0.5 3.25
 107 1 2.5
 110 0.5 3.5
 111 0.75 4.25
 112 1.666666666666667 3
 113 1.25 1.75
 114 0.75 2
 115 3.5 1.833333333333333
 119 3.75 3.25
 121 1 2.25
 124 4 1.5
 125 4 2.75
 126 1 2
 128 4.5 0.5
 129 1 5
 130 4.5 5
 131 0.5 3
 134 4 1
 135 4 2
 136 4.5 1.5
 137 5 1
 138 3.5 2.5
 140 4.5 0.5
 144 0.5 1.25
 145 5 1
 148 4.75 2.75
 150 2.5 2
 151 5 6
 152 4.5 5.5
 153 3 8.5
 154 2 8.75
 156 4.5 5
 157 1 6
 158 0.5 7
 159 1.5 6.333333333333333
 160 1 7.5
 164 0.5 5.5
 165 2 8
 166 0.75 8.75
 168 2.333333333333333 8.833333333333334
 169 2 9.5
 170 4.5 7
 171 2.5 9.5
 175 1 7.5
 176 0.5 4.75
 177 1 7.5
 178 4.5 6.5
 179 2.5 8.5
 181 2.5 7.5
 182 2.5 8
 183 1.75 5.5
 187 1.25 6.5
 188 4.5 6.5
 192 3.5 5
 195 2.25 9
 196 5.75 5
 197 3 5.5
 198 2 6
 199 3.333333333333333 8.166666666666666
 203 6.5 4.166666666666667
 204 7 3.5
 206 4.75 4.5
 207 5.5 4.5
 208 9 4
 209 6.5 4.5
 211 8 1.5
 213 5.125 2.75
 214 7.5 3.5
 216 8 3.5
 217 8.75 3
 220 8.5 5
 223 6.25 1.5
 227 8.75 3
 228 5 0.875
 231 8.25 3.5
 232 8 2.25
 233 7.25 3.5
 235 7.5 3
 236 7 3.5
 237 9.25 3.25
 238 6.25 3.25
 239 7.5 4
 240 7.5 3.5
 242 6 5.5
 243 8 2
 244 6 0.5
 245 8 4
 246 7.5 4
 248 8 3.5
 249 6.5 4.5
 250 7.5 4
 251 5.5 8
 254 8.833333333333334 8.5
 255 5.5 5.5
 256 5 6
 257 9 7
 259 9 6.5
 260 9.5 6
 262 7 8
 263 8.5 5.5
 265 6.785714285714286 7.285714285714286
 267 5.5 8.5
 268 9 6.5
 269 8.75 8.75
 270 7 8
 271 6.5 5.5
 272 9 6.5
 273 9 6.75
 274 5.7 8.699999999999999
 276 8.833333333333334 8.166666666666666
 277 8 8.5
 278 9 8.5
 279 5.5 5.5
 280 8.5 6
 281 9 5
 286 8.5 7.25
 287 8.5 7.5
 289 9 7.5
 292 9 6
 293 9 9
 296 8 8.5
 299 8.5 5.75
 300 8 7
# name: Error_total
# type: scalar
0.7089855010242812
# name: size_EstimatedCoordinates_row
# type: scalar
126
