# Created by Octave 2.9.13, Wed Oct 17 13:45:35 2007 EDT <eagblanc@dol31>
# name: Estimatedcoordinates
# type: matrix
# rows: 114
# columns: 3
 101 3.75 3.25
 104 1 1
 106 3 0.75
 107 1.5 1
 109 3.75 3.625
 110 2.833333333333333 3.5
 111 1 2
 112 0.5 2
 113 4.166666666666667 4.666666666666667
 114 4.375 3.5
 115 2.5 1
 116 1.666666666666667 0.75
 117 4.5 6
 121 0.6666666666666666 4
 122 5.25 1.5
 123 1.5 4.75
 124 0.5 1
 126 0.5 1
 127 0.5 2
 132 0.75 1.25
 133 2.25 0.5
 134 4.5 1.571428571428571
 135 2.666666666666667 0.6666666666666666
 139 1 2
 141 2 4.25
 144 4.833333333333333 2.333333333333333
 146 1.583333333333333 3.916666666666667
 148 4 4.5
 150 0.5 2.5
 152 4.5 9
 156 5 6
 158 3.5 6
 163 4 7.5
 166 5.5 6.25
 167 4.5 9
 170 2 6.25
 173 3.5 9.5
 174 4.5 7
 178 4.5 7.5
 179 4 5.5
 180 4.5 9
 181 4.5 8.5
 182 5 9
 184 2.5 6
 187 5.1 5.6
 188 2.5 5
 189 4.625 6.875
 190 4.5 6
 191 2 6
 194 3.25 6
 195 4 9.5
 196 4 7.25
 199 1.75 5.25
 203 7.5 2
 204 8.5 2.5
 205 9 2
 206 6.5 3
 208 7 1
 209 8.583333333333334 3.833333333333333
 214 7 3
 215 7.5 3
 217 7.5 2.5
 218 7.5 3.5
 221 6 2
 223 6 1
 225 8.75 1
 226 5.5 2
 227 8.75 1
 228 8.166666666666666 1.333333333333333
 229 6.25 1.5
 233 8.75 1.5
 234 8.5 2.5
 235 5.5 2
 237 8.75 1
 238 5.5 1.5
 240 9.5 1.5
 241 7.5 3
 242 8.25 1.75
 244 7.5 3.5
 246 9 1.5
 247 7.5 4
 248 7.7 3.4
 249 7 2
 251 7.5 7
 253 5.5 6.5
 254 9.25 9
 255 8.5 8
 260 4.5 8.5
 261 7.5 8.5
 263 8.75 8.5
 264 7.75 8.25
 265 6.5 6.5
 266 5.5 5.5
 267 5.75 9.25
 268 7.5 8.5
 270 5 8
 271 6.5 6.5
 276 5 6
 278 5.166666666666667 9.166666666666666
 280 7.5 6.25
 283 5.5 7.5
 284 7.25 7.75
 285 7.166666666666667 7.333333333333333
 288 9.5 9
 289 7.5 7.5
 291 9 8.5
 292 8 7.5
 293 9 8.5
 294 6.75 6.5
 295 9.5 9
 296 5 7.5
 298 8.5 9
 299 5.75 8
 300 5.5 7
# name: Error_total
# type: scalar
0.750625425444628
# name: size_EstimatedCoordinates_row
# type: scalar
114
