# Created by Octave 2.9.13, Thu Oct 25 01:22:45 2007 EDT <eagblanc@wha427>
# name: Estimatedcoordinates
# type: matrix
# rows: 124
# columns: 3
 104 4.5 2
 105 4 3
 107 3 2
 108 1 1.5
 110 4.5 4
 111 3.75 4
 112 3.5 4
 113 5 3
 114 2.25 3
 115 4.2 2.2
 118 2.25 3
 119 3.25 2.25
 120 3.833333333333333 1.166666666666667
 121 2.4 3.1
 122 5 4
 123 3.5 4
 124 4.5 1
 125 5.5 3
 126 1.5 2.5
 128 3.75 3.5
 129 1 2
 131 3.5 3.5
 132 4 3.5
 133 1.5 2.5
 135 1 2
 137 4 5.5
 138 3.75 2.25
 139 4.5 2.5
 140 0.5 4.5
 144 4 4.5
 145 4 4.25
 151 0.8333333333333334 8.333333333333334
 152 3.5 8.5
 153 3 8.5
 154 1.5 8
 155 0.5 4.5
 158 4 6.5
 159 2.5 8.5
 160 4.5 7
 161 1 9
 162 4 8.5
 166 0.75 8.5
 169 4.5 8.5
 170 3.5 6.75
 171 4 8.5
 172 3.5 9
 173 0.75 8.5
 174 4.5 6
 175 3.75 6
 176 4 6.166666666666667
 178 3.5 8
 179 4.5 5
 180 3.75 5.25
 183 3 8.5
 185 0.5 4.5
 186 4.125 6.125
 187 1 9
 188 2 9
 193 4 8.5
 194 4 9
 195 5.25 7
 197 5.25 8.5
 198 4.5 8
 200 4 7.25
 201 8 3
 202 7 2
 204 7 1.5
 205 7 3
 207 7 2
 213 5.333333333333333 1.5
 214 7 3
 215 7 4.5
 216 5.5 1.5
 217 7.5 4.5
 218 6.5 3
 220 7.5 4
 224 8.25 3
 226 8.5 3.5
 227 5.25 1.5
 229 5 5
 230 6.5 3.75
 232 7.75 1.5
 233 9 3.5
 234 6.25 2.5
 237 8.75 3.75
 238 8.5 3.5
 239 6.25 2.25
 240 8.5 3
 243 7.5 3.5
 244 6.25 2
 245 5 3
 246 8.5 4
 247 4.5 5
 248 4.5 3.25
 250 7.5 4.5
 251 5.75 6
 252 9 7.5
 254 6.25 7.5
 258 7.25 6.25
 260 7.5 4.5
 262 8.5 7
 263 8.5 7.5
 266 7 7.5
 267 7.666666666666667 6.333333333333333
 268 8.5 7
 270 7.5 5
 272 7.25 6.25
 273 6 7.5
 274 8.5 8.75
 275 5 6.5
 277 7.5 8
 279 5.25 7
 281 5.5 8
 282 8 8
 284 8.5 9
 285 6 6.5
 289 4.5 6
 292 8.25 8.25
 294 8 4.5
 295 5 7.5
 297 9 7
 298 6.5 7.5
 299 7 8.5
 300 7.333333333333333 5.666666666666667
# name: Error_total
# type: scalar
0.7191908198241759
# name: size_EstimatedCoordinates_row
# type: scalar
124
