# Created by Octave 2.9.13, Thu Oct 25 15:38:42 2007 EDT <eagblanc@wha180>
# name: Estimatedcoordinates
# type: matrix
# rows: 127
# columns: 3
 101 2.5 0.5
 106 4 5
 107 3.5 1
 108 4.5 4.5
 110 0.5 2
 111 4.5 1
 113 5.25 1.25
 115 3 1
 116 0.625 1.875
 117 1.75 1
 118 3.75 3.75
 119 5 2.5
 121 3.75 4
 124 3 0.5
 125 4.5 1
 129 1 1
 130 4.5 2
 132 5 2.5
 133 2 0.5
 134 5 3.75
 136 4 2.5
 137 2 0.5
 140 4.166666666666667 4.666666666666667
 141 4 5.5
 144 5.5 1.5
 146 4.5 1
 148 2 1.25
 150 0.5 1.5
 151 1 6.5
 152 2.5 9.5
 154 1.5 9
 156 1.25 8.25
 161 3.5 9
 162 3 8
 163 0.75 7.75
 164 2.5 9
 165 1.5 8.5
 167 4.25 9.125
 168 0.5 7
 169 1.7 4.9
 170 4.25 9
 173 0.75 7.5
 174 1 8.5
 175 4 5.5
 176 3.25 5.25
 178 0.5 8.5
 179 1.666666666666667 5.166666666666667
 180 4.25 9.125
 181 1 6
 182 1.7 4.9
 184 3.642857142857143 5.428571428571429
 185 3.25 5.25
 187 0.5 8.5
 188 1.75 7
 191 1.666666666666667 5.166666666666667
 193 4 5.5
 194 1.25 9
 195 1 6
 197 3.25 5.25
 199 4.166666666666667 5.666666666666667
 200 3.5 6
 201 7 1
 202 6 0.5
 203 9 3.875
 205 6 1
 207 9 2.5
 209 7.5 1.5
 213 8.5 2.5
 214 7.5 2
 215 7 1
 216 5.5 2
 218 6.75 4.75
 219 7.75 2.75
 220 7.5 3.5
 223 6.5 2.5
 225 8 2
 227 4.75 1.5
 228 8 3.5
 232 6.25 3.25
 233 7 5
 234 4.5 1
 235 8 5.5
 237 7 1
 238 7.5 4.25
 239 8 3.5
 240 8.25 2.75
 241 5.5 2
 242 5.75 3
 243 6 2.5
 244 7.6 5
 245 6.5 1.5
 246 8.5 2.5
 247 4.5 4
 248 8.75 1.75
 249 8.5 2.75
 251 8.4 8.300000000000001
 252 8.5 8.5
 253 7.5 9
 254 6.5 6
 255 6.75 6.5
 256 6 5
 257 7 9
 258 8.5 9.25
 260 7.5 5.5
 261 6 5
 263 8 8
 266 9.166666666666666 9.333333333333334
 267 6.75 8.25
 268 7 6
 270 8.5 8
 271 7.5 6
 276 8 9
 278 8.25 9
 279 4.5 5.5
 280 7 8
 281 8 8.5
 282 8.25 9.5
 283 8.5 7.5
 285 7.625 8
 288 8 9
 289 9 7.5
 290 8 7
 292 8.25 5.5
 293 5.833333333333333 8.333333333333334
 295 8.5 8
 296 6.25 9
 299 7 6
# name: Error_total
# type: scalar
0.7461995700904477
# name: size_EstimatedCoordinates_row
# type: scalar
127
