# Created by Octave 2.9.13, Thu Oct 25 14:07:05 2007 EDT <eagblanc@wha588>
# name: Estimatedcoordinates
# type: matrix
# rows: 134
# columns: 3
 101 2 4
 102 5 1.5
 103 2 1.5
 104 5 1.5
 105 2 3.5
 106 3.833333333333333 3.333333333333333
 107 5 3.5
 108 1.125 1.5
 109 1 4
 110 2.5 2.5
 111 1.5 5
 112 2 3
 113 2.5 3
 114 2 1.5
 115 4.5 2.5
 116 5 5
 118 3 4.75
 119 4.5 3.5
 120 2.666666666666667 4.5
 122 1.75 1
 123 4 2
 124 5 1.5
 126 4.833333333333333 1.5
 127 4.5 2
 128 2 5.5
 129 1 1
 130 4.5 5
 132 0.75 5
 133 5 2
 134 2.5 4.5
 135 1.5 1.75
 136 3.5 5
 137 4 2.5
 138 0.75 4.5
 139 1.5 4.5
 140 4.5 2
 146 2.8 1.6
 147 2 2
 148 3.5 4.5
 149 5 3.5
 153 2 9.5
 155 2 9.5
 156 3.5 7
 157 2 6.5
 158 4.125 7.625
 159 4.25 6.5
 160 2.5 7.875
 164 2.25 6
 165 3 6
 166 2.5 6
 169 1 6.5
 170 5 7.5
 171 1 5.5
 172 3 7
 173 2.5 5.25
 174 3.25 5.5
 176 2 9.5
 177 1.75 6.5
 178 2.666666666666667 9.166666666666666
 179 2 9.5
 180 2.5 9.166666666666666
 181 3 6
 182 3.25 5.75
 186 4 8
 187 1 7
 188 3.5 6.5
 190 0.75 5.75
 192 4.8125 5.0625
 193 1.5 6.75
 194 3.5 5.5
 195 3.5 7
 196 1.5 9
 198 4.5 7.5
 199 5 5
 202 6.25 1
 206 6 3
 207 6.5 2
 208 4.25 1.5
 210 9 4
 211 8.833333333333334 3.833333333333333
 212 6 2.5
 213 6.666666666666667 0.8333333333333334
 214 6 2.5
 215 4 4.5
 217 5.666666666666667 2.166666666666667
 220 6 3.5
 221 7 1
 222 6.5 3.25
 223 6 2.5
 224 6 3.5
 226 5.75 0.5
 227 8.833333333333334 3.833333333333333
 230 8.5 5.5
 234 5.75 1.5
 235 6 3.5
 236 5.5 4
 238 5.5 1.5
 239 8.5 3
 242 5.5 3
 244 6 1
 245 5.5 3
 246 5.5 2
 248 6 1.75
 249 5 3.75
 250 5.5 3
 251 6.5 5.5
 252 7.833333333333333 6.333333333333333
 253 4.25 7.75
 254 5.5 4.5
 255 5.5 5
 257 9.5 4.75
 258 6.25 7
 259 9.5 7
 264 6.25 7
 265 9 6
 267 6.5 7
 268 9 7
 269 6.75 5.5
 271 9 6
 272 5.5 5
 274 6.25 5.75
 275 9 7.75
 277 6 5.5
 278 6.5 7.666666666666667
 279 8.75 5
 281 8.5 6
 282 9.5 6.25
 283 5.75 6.5
 284 8 6.5
 291 6.5 7.666666666666667
 292 7.75 6.5
 297 5 8
 298 5.25 7
 299 6.5 6
# name: Error_total
# type: scalar
0.735982200904868
# name: size_EstimatedCoordinates_row
# type: scalar
134
