# Created by Octave 2.9.13, Thu Oct 25 11:22:41 2007 EDT <eagblanc@wha686>
# name: Estimatedcoordinates
# type: matrix
# rows: 125
# columns: 3
 102 2.166666666666667 2.333333333333333
 103 3.166666666666667 4.75
 105 2.5 1.5
 106 4.5 5
 107 3 1
 108 3 1.666666666666667
 109 1.5 2
 110 4 4
 111 5.5 2.5
 112 4 2
 114 3.5 4.75
 116 1.5 1.5
 117 4.25 1.25
 118 1.5 2.5
 120 3 2
 122 3 3.5
 124 4.5 4
 125 3.5 0.5
 126 4.5 0.8333333333333334
 127 1.5 3
 128 1.25 2
 129 4 5
 131 3.5 4
 132 3.5 2.5
 133 1.5 2.5
 135 4.5 4.5
 138 1.5 2.5
 139 3.5 1
 140 3 1
 144 1 2.5
 145 4 1
 147 1.5 2.5
 148 1 2
 149 4 1
 150 4.75 1.5
 152 1.375 8.5
 153 2.75 8.75
 154 2.5 7
 155 4 6.5
 156 4.5 7
 157 4 7
 158 3 6.333333333333333
 159 4 5.5
 160 1.5 8
 161 3 6.75
 162 2.166666666666667 7.333333333333333
 166 1 6
 168 1.25 7.75
 169 2.5 7
 170 2.5 8.5
 171 3.75 7
 173 2.75 7
 179 4.75 7.5
 180 1.75 6
 182 5 9
 184 2 7.5
 185 4.5 5
 189 1.166666666666667 7.666666666666667
 190 4.666666666666667 7.333333333333333
 195 2.5 8.5
 197 3 6
 200 1.833333333333333 6.833333333333333
 203 9 3
 204 5.5 1.5
 205 7.5 0.5
 208 8 3
 209 7.5 3
 210 8 1
 212 4.875 1.125
 213 7.666666666666667 3.666666666666667
 215 7.5 1.5
 216 7 5.75
 218 7.5 2.5
 220 7.5 3
 222 9 3
 223 7.75 3
 225 7.5 2
 226 4.833333333333333 3.333333333333333
 227 9 3
 228 6 1
 229 5.75 1.5
 230 7.5 3.5
 231 6 1
 232 8 2
 233 8 0.5
 234 5.333333333333333 1.166666666666667
 235 9 2.5
 238 6.75 2
 240 7.5 1.5
 242 8.25 0.5
 244 9 2.5
 245 6.5 2
 246 5 0.5
 247 6.5 4
 252 7 6
 253 6.25 8
 255 5.5 6.5
 256 5.357142857142857 5.571428571428571
 257 5.5 9
 258 6 7
 259 8 6.5
 261 6.5 6.5
 262 8 7
 263 7 5
 265 7.5 6.5
 267 8 7.5
 268 9.25 8.5
 269 7.5 6
 270 8.75 9
 271 7 5.5
 273 5.5 8.5
 274 9 9.5
 279 8.833333333333334 9
 280 9.5 9.5
 281 7.75 7
 282 9 8
 283 6 7
 284 6.5 6
 287 7.5 7
 290 6 8
 291 7 6
 293 9.5 9.5
 295 6 8
 298 7.5 6.5
 299 7.5 7
# name: Error_total
# type: scalar
0.71505863642254
# name: size_EstimatedCoordinates_row
# type: scalar
125
