# Created by Octave 2.9.13, Thu Oct 18 01:37:55 2007 EDT <eagblanc@dol32>
# name: Estimatedcoordinates_tot
# type: matrix
# rows: 171
# columns: 3
 101 5 2
 102 1.5 3.5
 103 5 2
 105 2.5 3.5
 106 1 4.75
 108 2.75 4
 109 2.5 2.5
 110 4.25 1.25
 111 3.5 1.25
 112 1.5 5
 114 4.5 2.5
 115 1 3.5
 116 1.5 3.75
 119 3 1
 120 3 4.5
 121 4.833333333333333 0.6666666666666666
 123 1.5 3
 124 5.5 1.5
 126 0.8333333333333334 3
 130 1 3
 131 3 3
 132 2.5 2.5
 134 2.25 4.25
 135 4.25 2.5
 138 1 0.5
 139 1.375 3.625
 140 1.5 5.5
 142 5.5 1.25
 143 1.5 3.5
 144 2.75 4
 145 1.25 4.25
 146 5.25 1.75
 147 1 5.25
 148 4.5 1
 150 1.5 4
 151 2.25 8.5
 156 3.875 9
 160 1.5 9
 161 5.333333333333333 5.666666666666667
 163 2.5 9
 164 2.25 8.5
 166 4 9
 167 1.5 8
 168 0.75 5.5
 169 1 7
 170 1.75 9.25
 171 3 8.5
 172 1.5 6.5
 173 1 7.75
 174 1 6
 175 2 7.5
 177 1.25 7.25
 179 3 7.5
 180 1.5 8.75
 184 2.5 8.5
 185 1 7
 187 1.5 7.5
 188 4.9 5.9
 189 2 9.5
 190 2 7.5
 192 1.166666666666667 8.333333333333334
 193 3 9
 194 1 6.5
 195 4 9
 197 2 6.5
 201 8 2.5
 202 5.5 3.5
 203 5.166666666666667 0.8333333333333334
 204 7.125 0.875
 205 5 1.5
 206 8 2.5
 207 7.5 0.75
 209 7.75 5.75
 214 7.5 3
 215 7 2.25
 216 6 3
 218 5.5 3.25
 219 7 1
 220 6 3.5
 221 6 2.5
 225 8.833333333333334 5.333333333333333
 230 6 1.5
 232 5.5 3
 236 7.75 2.75
 240 8.125 1.125
 241 5.5 2.5
 242 7 3.833333333333333
 245 7 3
 246 8.5 2
 247 7 0.5
 249 8.5 2.5
 251 8.333333333333334 8.666666666666666
 253 8 8.5
 255 8 8
 258 8.5 6
 259 6 6.5
 260 8 5.5
 262 7 6.5
 263 7.5 5.5
 267 8 8
 271 7.5 7.25
 272 7 6.5
 274 7.166666666666667 6.833333333333333
 275 6 6
 276 7 8.5
 277 9.25 9
 279 8.75 6.25
 280 7.5 5.5
 282 7.5 8
 287 9.5 9.5
 289 7.5 6
 291 9.5 9.5
 292 7.25 7.25
 294 8 7
 296 7 8.5
 300 6.333333333333333 7.166666666666667
 104 2.25 2
 117 4 4
 118 1.5 3
 122 3.5 0.5
 125 4 4.5
 128 3 1
 133 1.5 3
 136 4 3.5
 137 3 0.5
 141 3 0.5
 153 1 9
 155 0.5 7
 157 3.5 9
 158 3 7
 159 3 5
 162 3.5 8.5
 165 1 8.5
 181 3.5 8
 182 5.25 6.75
 183 3.5 8.5
 186 0.5 8
 191 3.5 5.75
 196 2 7.5
 198 2 8.5
 199 1 9
 200 3.5 6.5
 208 7.5 5
 211 8.5 5.25
 212 6.5 4.5
 213 8.5 3
 217 8.5 3.5
 222 8 2.75
 227 6.5 1
 228 8 3
 238 8 3
 244 7.5 1.5
 250 8 2
 252 9 8
 254 7 6
 256 6.5 6.5
 257 7 8.5
 265 7 7
 266 7.5 9
 268 6.166666666666667 7.166666666666667
 270 9.25 8.75
 273 7 9
 278 8 9
 283 6 6.25
 284 7 8
 286 8.75 7.5
 288 9 6.75
 295 9.25 9
 297 7 7.5
 298 9 6.75
 299 7 8
# name: Estimatedcoordinates2
# type: matrix
# rows: 55
# columns: 3
 104 2.25 2
 117 4 4
 118 1.5 3
 122 3.5 0.5
 125 4 4.5
 128 3 1
 133 1.5 3
 136 4 3.5
 137 3 0.5
 141 3 0.5
 153 1 9
 155 0.5 7
 157 3.5 9
 158 3 7
 159 3 5
 162 3.5 8.5
 165 1 8.5
 181 3.5 8
 182 5.25 6.75
 183 3.5 8.5
 186 0.5 8
 191 3.5 5.75
 196 2 7.5
 198 2 8.5
 199 1 9
 200 3.5 6.5
 208 7.5 5
 211 8.5 5.25
 212 6.5 4.5
 213 8.5 3
 217 8.5 3.5
 222 8 2.75
 227 6.5 1
 228 8 3
 238 8 3
 244 7.5 1.5
 250 8 2
 252 9 8
 254 7 6
 256 6.5 6.5
 257 7 8.5
 265 7 7
 266 7.5 9
 268 6.166666666666667 7.166666666666667
 270 9.25 8.75
 273 7 9
 278 8 9
 283 6 6.25
 284 7 8
 286 8.75 7.5
 288 9 6.75
 295 9.25 9
 297 7 7.5
 298 9 6.75
 299 7 8
# name: Error_2
# type: scalar
0.8375454236017079
# name: Error_total
# type: scalar
0.7759014327653111
# name: size_EstimatedCoordinates_row
# type: scalar
55
