# Created by Octave 2.9.13, Sat Oct 20 23:45:37 2007 EDT <eagblanc@wha617>
# name: Estimatedcoordinates
# type: matrix
# rows: 12
# columns: 3
 56 4.5 2
 89 4.75 2
 94 2.5 8.5
 97 3.75 8.333333333333334
 112 3.666666666666667 8.333333333333334
 132 2.25 8.5
 133 3.666666666666667 8.333333333333334
 151 5.666666666666667 5.666666666666667
 157 5.8 5.2
 174 6.75 3.75
 182 5.5 1.5
 192 6.333333333333333 5.833333333333333
# name: Error_1
# type: scalar
0.5803291480167913
# name: size_EstimatedCoordinates_row
# type: scalar
12
