# Created by Octave 2.9.13, Tue Oct 09 22:22:12 2007 EDT <eagblanc@wha451>
# name: Estimatedcoordinates
# type: matrix
# rows: 36
# columns: 3
 41 4.25 2.5
 42 4.25 2.5
 44 3.75 1.75
 45 4.5 2
 46 4 4
 51 4 4
 58 3.5 2.5
 62 4 5.5
 67 4.25 4.5
 76 4.25 2.5
 81 4.5 4.75
 86 4.5 4
 93 1.5 8
 94 5.25 9.25
 97 1.5 7.5
 98 4.25 5.5
 106 1.5 7.5
 114 1.5 7.5
 120 1.5 8
 130 1.25 6.75
 136 4.166666666666667 5.5
 154 7 4.25
 158 7.5 3.75
 160 8 4
 164 8 3.5
 182 8 3.5
 190 7 4.25
 191 7 7.5
 192 7.5 7.5
 200 7 7.75
 201 7 8
 203 6.5 8.5
 205 6.25 8.25
 214 6.25 8.75
 219 6.25 8.75
 236 7.5 7.5
# name: Error_1
# type: scalar
0.7353853765718257
# name: size_EstimatedCoordinates_row
# type: scalar
36
