# Created by Octave 2.9.13, Sat Oct 20 20:51:30 2007 EDT <eagblanc@wha186>
# name: Estimatedcoordinates
# type: matrix
# rows: 25
# columns: 3
 56 1 4
 58 1 4.5
 64 1 5
 65 0.5 5.25
 69 0.5 5.25
 75 1 5
 82 0.5 4
 86 1 3.25
 88 1 4.5
 93 1 5.5
 101 1 4.5
 118 0.5 4.5
 121 1.5 5.25
 137 1.5 4.75
 167 6.916666666666667 5.166666666666667
 187 7.5 4.5
 196 9.125 6.625
 198 6.625 5.375
 205 9 8
 207 6.714285714285714 5.071428571428571
 209 9.25 8.25
 214 9 7.25
 231 8.75 6.5
 233 8.875 6.875
 236 8.5 7
# name: Error_1
# type: scalar
0.7593668053808429
# name: size_EstimatedCoordinates_row
# type: scalar
25
