# Created by Octave 2.9.13, Sat Oct 20 20:59:26 2007 EDT <eagblanc@wha186>
# name: Estimatedcoordinates_tot
# type: matrix
# rows: 61
# columns: 3
 56 1 4
 58 1 4.5
 64 1 5
 65 0.5 5.25
 69 0.5 5.25
 75 1 5
 82 0.5 4
 86 1 3.25
 88 1 4.5
 93 1 5.5
 101 1 4.5
 118 0.5 4.5
 121 1.5 5.25
 137 1.5 4.75
 167 6.916666666666667 5.166666666666667
 187 7.5 4.5
 196 9.125 6.625
 198 6.625 5.375
 205 9 8
 207 6.714285714285714 5.071428571428571
 209 9.25 8.25
 214 9 7.25
 231 8.75 6.5
 233 8.875 6.875
 236 8.5 7
 41 1 3.5
 45 1 3.5
 49 1.25 3.75
 67 1.5 6
 71 1 3.5
 77 1.5 4.5
 79 1.5 4.5
 85 1 3
 96 2 6.5
 103 1.5 5.5
 106 0.5 5.5
 135 1 5.5
 142 7 4.5
 149 7.5 4
 154 7 3.25
 163 8 3.5
 165 7.25 3.75
 177 7.5 4.5
 179 6.875 3.75
 182 7.5 3.5
 190 7 5
 191 7.5 5.5
 194 7.5 5.25
 195 7.9 5.3
 203 9.25 7.25
 204 9 8.25
 210 9.5 7
 215 9.5 8.5
 217 8 6.5
 219 9 6
 220 6.5 5.5
 222 6.5 5.5
 223 8.333333333333334 7.166666666666667
 227 7 5
 235 8 5.75
 238 9 7
# name: Estimatedcoordinates2
# type: matrix
# rows: 36
# columns: 3
 41 1 3.5
 45 1 3.5
 49 1.25 3.75
 67 1.5 6
 71 1 3.5
 77 1.5 4.5
 79 1.5 4.5
 85 1 3
 96 2 6.5
 103 1.5 5.5
 106 0.5 5.5
 135 1 5.5
 142 7 4.5
 149 7.5 4
 154 7 3.25
 163 8 3.5
 165 7.25 3.75
 177 7.5 4.5
 179 6.875 3.75
 182 7.5 3.5
 190 7 5
 191 7.5 5.5
 194 7.5 5.25
 195 7.9 5.3
 203 9.25 7.25
 204 9 8.25
 210 9.5 7
 215 9.5 8.5
 217 8 6.5
 219 9 6
 220 6.5 5.5
 222 6.5 5.5
 223 8.333333333333334 7.166666666666667
 227 7 5
 235 8 5.75
 238 9 7
# name: Error_2
# type: scalar
0.8452632022453799
# name: Error_total
# type: scalar
0.8111605160062773
# name: size_EstimatedCoordinates_row
# type: scalar
36
