# Created by Octave 2.9.13, Sun Oct 21 01:42:58 2007 EDT <eagblanc@wha353>
# name: Estimatedcoordinates_tot
# type: matrix
# rows: 25
# columns: 3
 47 0.5 2
 59 0.5 5.5
 63 0.5 2
 83 5 2
 116 0.5 5
 147 6.833333333333333 1.666666666666667
 164 5.666666666666667 2.333333333333333
 168 5.5 2
 170 5.833333333333333 2.333333333333333
 51 1.25 2
 54 1.5 2
 56 0.5 2
 67 5 1.5
 77 1 2
 81 1 2.5
 87 5 2.75
 90 0.5 4.5
 143 6 2
 144 6 2
 156 5.5 1.5
 160 6.5 1.5
 177 5.5 1.5
 181 7 2
 184 6.75 2
 185 5.5 1.5
# name: Estimatedcoordinates2
# type: matrix
# rows: 16
# columns: 3
 51 1.25 2
 54 1.5 2
 56 0.5 2
 67 5 1.5
 77 1 2
 81 1 2.5
 87 5 2.75
 90 0.5 4.5
 143 6 2
 144 6 2
 156 5.5 1.5
 160 6.5 1.5
 177 5.5 1.5
 181 7 2
 184 6.75 2
 185 5.5 1.5
# name: Error_2
# type: scalar
0.8796801385809274
# name: Error_total
# type: scalar
0.8588822523563754
# name: size_EstimatedCoordinates_row
# type: scalar
16
