# Created by Octave 2.9.13, Wed Oct 10 02:11:25 2007 EDT <eagblanc@wha160>
# name: Estimatedcoordinates_tot
# type: matrix
# rows: 60
# columns: 3
 41 5.25 4.5
 46 4 3.25
 96 5 7
 112 0.75 6
 154 5.25 4.5
 161 8 3.5
 162 8 2.75
 166 8.166666666666666 3.666666666666667
 176 7.333333333333333 3.166666666666667
 180 8.75 3.25
 182 8.166666666666666 3.833333333333333
 184 8 2.5
 186 9 4
 189 9.5 3
 190 8 3
 195 6 9
 207 5 7
 209 6.166666666666667 9.333333333333334
 219 7.333333333333333 9.166666666666666
 224 5.833333333333333 7.666666666666667
 233 4.5 6
 234 4.75 6.25
 45 4 3.5
 52 4.5 4.5
 64 4 4.75
 72 4 3
 77 4 4
 81 4 3.5
 92 4 6.5
 93 4.5 5.5
 106 5.666666666666667 8.333333333333334
 110 5 7
 114 5 8
 115 0.5 5
 135 1 5.5
 142 7.5 2.5
 143 7 2.5
 145 9 3
 149 8.5 3
 156 9.5 3
 157 5.25 4.75
 164 8.25 4
 165 8 2.5
 171 7.75 3.25
 172 8 2.5
 177 8 2.5
 179 8 3.5
 181 8 3
 188 4.5 4.5
 192 5.5 9
 193 6.5 9
 194 6.75 9.25
 196 6.8 8.9
 206 5.5 9
 210 5.5 7
 212 5.5 6.5
 216 5.25 6.25
 220 5 7.5
 227 5.666666666666667 8.333333333333334
 229 5.25 8
# name: Estimatedcoordinates2
# type: matrix
# rows: 38
# columns: 3
 45 4 3.5
 52 4.5 4.5
 64 4 4.75
 72 4 3
 77 4 4
 81 4 3.5
 92 4 6.5
 93 4.5 5.5
 106 5.666666666666667 8.333333333333334
 110 5 7
 114 5 8
 115 0.5 5
 135 1 5.5
 142 7.5 2.5
 143 7 2.5
 145 9 3
 149 8.5 3
 156 9.5 3
 157 5.25 4.75
 164 8.25 4
 165 8 2.5
 171 7.75 3.25
 172 8 2.5
 177 8 2.5
 179 8 3.5
 181 8 3
 188 4.5 4.5
 192 5.5 9
 193 6.5 9
 194 6.75 9.25
 196 6.8 8.9
 206 5.5 9
 210 5.5 7
 212 5.5 6.5
 216 5.25 6.25
 220 5 7.5
 227 5.666666666666667 8.333333333333334
 229 5.25 8
# name: Error_2
# type: scalar
0.8120327597152325
# name: Error_total
# type: scalar
0.8139512413571752
# name: size_EstimatedCoordinates_row
# type: scalar
38
