# Created by Octave 2.9.13, Wed Oct 10 02:54:53 2007 EDT <eagblanc@wha416>
# name: Estimatedcoordinates
# type: matrix
# rows: 20
# columns: 3
 55 4 2
 77 5.75 1.25
 78 4.75 1.75
 82 4.5 1.5
 100 2.75 6
 103 1.75 6
 110 1.166666666666667 6.666666666666667
 113 1.166666666666667 6.666666666666667
 114 1.5 5.75
 117 1.5 6
 123 1.166666666666667 6.666666666666667
 134 2 6
 138 1.5 6
 144 5.166666666666667 1.166666666666667
 146 5.75 1.25
 167 6.5 0.5
 173 7.375 4.625
 197 7 8.5
 199 7.375 4.625
 228 7.357142857142857 8.571428571428571
# name: Error_1
# type: scalar
0.671843273566879
# name: size_EstimatedCoordinates_row
# type: scalar
20
