# Created by Octave 2.9.13, Sat Oct 20 21:50:31 2007 EDT <eagblanc@wha161>
# name: Estimatedcoordinates
# type: matrix
# rows: 22
# columns: 3
 52 3.75 5.25
 53 1.5 1.25
 69 1.083333333333333 2.833333333333333
 92 4 8.625
 93 3.5 6
 95 5 7
 98 4 8.625
 102 3.75 5.75
 114 2.75 5
 115 4.5 7
 120 4 9
 121 4.3 6.5
 122 3.625 6.125
 128 4 8.5
 132 3.625 6.875
 135 4 8
 139 3.75 5.75
 146 7.5 1.6
 150 7.25 0.5
 153 8 1
 179 7.625 2.5
 227 5.5 7
# name: Error_1
# type: scalar
0.6955579457357437
# name: size_EstimatedCoordinates_row
# type: scalar
22
