# Created by Octave 2.9.13, Sat Oct 20 23:53:48 2007 EDT <eagblanc@wha38>
# name: Estimatedcoordinates_tot
# type: matrix
# rows: 41
# columns: 3
 56 4.5 2
 89 4.75 2
 94 2.5 8.5
 97 3.75 8.333333333333334
 112 3.666666666666667 8.333333333333334
 132 2.25 8.5
 133 3.666666666666667 8.333333333333334
 151 5.666666666666667 5.666666666666667
 157 5.8 5.2
 174 6.75 3.75
 182 5.5 1.5
 192 6.333333333333333 5.833333333333333
 81 5 2
 93 2.5 9
 95 2 8.5
 96 3.5 8
 98 3 8.75
 103 4 9
 107 2.75 8.75
 110 3.5 8.5
 113 3.833333333333333 8.166666666666666
 118 4 9
 120 5 5
 125 3.5 8
 126 3 9
 134 2.5 8
 140 4.25 8
 141 4.5 2
 144 6 2.5
 145 5.25 1.5
 153 5.666666666666667 5.333333333333333
 159 6 3.5
 166 6.25 4.5
 170 5.875 1.875
 180 7 4.5
 198 6.25 6
 199 7 4.5
 209 6.5 6.5
 215 6.333333333333333 5.833333333333333
 217 6.333333333333333 5.833333333333333
 219 6.5 6.5
# name: Estimatedcoordinates2
# type: matrix
# rows: 29
# columns: 3
 81 5 2
 93 2.5 9
 95 2 8.5
 96 3.5 8
 98 3 8.75
 103 4 9
 107 2.75 8.75
 110 3.5 8.5
 113 3.833333333333333 8.166666666666666
 118 4 9
 120 5 5
 125 3.5 8
 126 3 9
 134 2.5 8
 140 4.25 8
 141 4.5 2
 144 6 2.5
 145 5.25 1.5
 153 5.666666666666667 5.333333333333333
 159 6 3.5
 166 6.25 4.5
 170 5.875 1.875
 180 7 4.5
 198 6.25 6
 199 7 4.5
 209 6.5 6.5
 215 6.333333333333333 5.833333333333333
 217 6.333333333333333 5.833333333333333
 219 6.5 6.5
# name: Error_2
# type: scalar
0.7339353961969691
# name: Error_total
# type: scalar
0.6925132181249368
# name: size_EstimatedCoordinates_row
# type: scalar
29
