# Created by Octave 2.9.13, Tue Oct 09 22:32:03 2007 EDT <eagblanc@wha657>
# name: Estimatedcoordinates_tot
# type: matrix
# rows: 91
# columns: 3
 41 4.25 2.5
 42 4.25 2.5
 44 3.75 1.75
 45 4.5 2
 46 4 4
 51 4 4
 58 3.5 2.5
 62 4 5.5
 67 4.25 4.5
 76 4.25 2.5
 81 4.5 4.75
 86 4.5 4
 93 1.5 8
 94 5.25 9.25
 97 1.5 7.5
 98 4.25 5.5
 106 1.5 7.5
 114 1.5 7.5
 120 1.5 8
 130 1.25 6.75
 136 4.166666666666667 5.5
 154 7 4.25
 158 7.5 3.75
 160 8 4
 164 8 3.5
 182 8 3.5
 190 7 4.25
 191 7 7.5
 192 7.5 7.5
 200 7 7.75
 201 7 8
 203 6.5 8.5
 205 6.25 8.25
 214 6.25 8.75
 219 6.25 8.75
 236 7.5 7.5
 47 4.5 3
 50 3.5 2
 55 3.5 2
 57 4.5 3.5
 59 3.75 4
 60 4 5
 61 4.5 3
 64 4.5 4
 65 4 4
 77 4.5 3
 84 4 4
 85 4 2.5
 88 4 5
 90 3.5 5
 91 4 4.5
 95 4.75 9.25
 108 2 7
 111 2 7.5
 112 1.5 7.75
 113 1.25 6.75
 115 0.5 8
 116 3.5 6
 118 1.5 8.5
 119 1 7
 124 2.25 7.25
 125 1 8
 126 6 8
 144 8 4
 148 6 4.714285714285714
 150 7.5 3.5
 157 7.25 3.25
 176 4.75 2.5
 177 4 2
 179 8.375 3
 185 8.25 2.75
 186 4.5 4.5
 189 5 3.5
 195 5.75 7.25
 196 6 8.75
 198 5.5 9
 207 5.083333333333333 7.333333333333333
 208 6 8
 211 4.5 5.5
 212 7.5 8
 213 6.5 8
 216 5 8.5
 217 4.5 5
 224 5.5 8.25
 226 7.5 7.25
 227 5.5 8.25
 228 7.5 7.5
 231 7 7.5
 232 5 9.5
 235 6 8.5
 239 7 8.5
# name: Estimatedcoordinates2
# type: matrix
# rows: 55
# columns: 3
 47 4.5 3
 50 3.5 2
 55 3.5 2
 57 4.5 3.5
 59 3.75 4
 60 4 5
 61 4.5 3
 64 4.5 4
 65 4 4
 77 4.5 3
 84 4 4
 85 4 2.5
 88 4 5
 90 3.5 5
 91 4 4.5
 95 4.75 9.25
 108 2 7
 111 2 7.5
 112 1.5 7.75
 113 1.25 6.75
 115 0.5 8
 116 3.5 6
 118 1.5 8.5
 119 1 7
 124 2.25 7.25
 125 1 8
 126 6 8
 144 8 4
 148 6 4.714285714285714
 150 7.5 3.5
 157 7.25 3.25
 176 4.75 2.5
 177 4 2
 179 8.375 3
 185 8.25 2.75
 186 4.5 4.5
 189 5 3.5
 195 5.75 7.25
 196 6 8.75
 198 5.5 9
 207 5.083333333333333 7.333333333333333
 208 6 8
 211 4.5 5.5
 212 7.5 8
 213 6.5 8
 216 5 8.5
 217 4.5 5
 224 5.5 8.25
 226 7.5 7.25
 227 5.5 8.25
 228 7.5 7.5
 231 7 7.5
 232 5 9.5
 235 6 8.5
 239 7 8.5
# name: Error_2
# type: scalar
0.8793494018463123
# name: Error_total
# type: scalar
0.825403962729402
# name: size_EstimatedCoordinates_row
# type: scalar
55
