# Created by Octave 2.9.13, Tue Oct 09 20:20:36 2007 EDT <eagblanc@wha646>
# name: Estimatedcoordinates_tot
# type: matrix
# rows: 40
# columns: 3
 44 3.75 0.75
 70 3 1
 73 3 0.5
 84 3.75 0.75
 112 5 8
 128 3.75 5.75
 136 4.5 8
 193 6.3 8.4
 195 6.25 7.5
 209 6 7.5
 214 5 7.5
 233 5.5 7.5
 43 4.5 0.5
 56 4 1
 67 4 1
 69 3.25 0.75
 81 3.5 1
 82 4 1
 90 3.125 1.125
 97 3.8 8
 98 4.5 5.75
 101 5 7.5
 103 4.25 8.25
 108 4 7.5
 110 4.5 8
 122 4.25 6.083333333333333
 123 5 7
 200 6.5 9
 203 5.5 7
 206 6 8.25
 208 5.5 6
 210 6 8.25
 212 5 6
 220 6 6.5
 225 4.5 7.5
 226 6.75 7
 227 7 7.5
 229 6.5 7
 230 6 7.5
 234 6.25 6.25
# name: Estimatedcoordinates2
# type: matrix
# rows: 28
# columns: 3
 43 4.5 0.5
 56 4 1
 67 4 1
 69 3.25 0.75
 81 3.5 1
 82 4 1
 90 3.125 1.125
 97 3.8 8
 98 4.5 5.75
 101 5 7.5
 103 4.25 8.25
 108 4 7.5
 110 4.5 8
 122 4.25 6.083333333333333
 123 5 7
 200 6.5 9
 203 5.5 7
 206 6 8.25
 208 5.5 6
 210 6 8.25
 212 5 6
 220 6 6.5
 225 4.5 7.5
 226 6.75 7
 227 7 7.5
 229 6.5 7
 230 6 7.5
 234 6.25 6.25
# name: Error_2
# type: scalar
0.7462249200063579
# name: Error_total
# type: scalar
0.7495904243127414
# name: size_EstimatedCoordinates_row
# type: scalar
28
