# Created by Octave 2.9.13, Wed Oct 10 03:23:09 2007 EDT <eagblanc@wha725>
# name: Estimatedcoordinates_tot
# type: matrix
# rows: 46
# columns: 3
 55 4 2
 77 5.75 1.25
 78 4.75 1.75
 82 4.5 1.5
 100 2.75 6
 103 1.75 6
 110 1.166666666666667 6.666666666666667
 113 1.166666666666667 6.666666666666667
 114 1.5 5.75
 117 1.5 6
 123 1.166666666666667 6.666666666666667
 134 2 6
 138 1.5 6
 144 5.166666666666667 1.166666666666667
 146 5.75 1.25
 167 6.5 0.5
 173 7.375 4.625
 197 7 8.5
 199 7.375 4.625
 228 7.357142857142857 8.571428571428571
 43 5 1.5
 46 4.5 1.5
 49 4.5 1.5
 66 1.5 5
 84 4.75 1.75
 85 1 5.5
 92 1 6
 112 2 6.5
 131 2.5 5.5
 136 1.5 7
 140 1 7
 149 6.5 1.5
 154 5.75 0.5
 155 5 1
 162 6 1.5
 182 6.5 1.75
 183 5.75 1
 184 5.5 1.5
 189 5.75 0.5
 196 6.5 9
 208 8 8.5
 214 7 8.75
 215 7.75 4.5
 219 6.5 9
 222 7 9
 227 7.5 8.25
# name: Estimatedcoordinates2
# type: matrix
# rows: 26
# columns: 3
 43 5 1.5
 46 4.5 1.5
 49 4.5 1.5
 66 1.5 5
 84 4.75 1.75
 85 1 5.5
 92 1 6
 112 2 6.5
 131 2.5 5.5
 136 1.5 7
 140 1 7
 149 6.5 1.5
 154 5.75 0.5
 155 5 1
 162 6 1.5
 182 6.5 1.75
 183 5.75 1
 184 5.5 1.5
 189 5.75 0.5
 196 6.5 9
 208 8 8.5
 214 7 8.75
 215 7.75 4.5
 219 6.5 9
 222 7 9
 227 7.5 8.25
# name: Error_2
# type: scalar
0.8659937668266835
# name: Error_total
# type: scalar
0.7874842026502551
# name: size_EstimatedCoordinates_row
# type: scalar
26
