# Created by Octave 2.9.13, Sat Oct 20 22:01:06 2007 EDT <eagblanc@wha183>
# name: Estimatedcoordinates_tot
# type: matrix
# rows: 64
# columns: 3
 52 3.75 5.25
 53 1.5 1.25
 69 1.083333333333333 2.833333333333333
 92 4 8.625
 93 3.5 6
 95 5 7
 98 4 8.625
 102 3.75 5.75
 114 2.75 5
 115 4.5 7
 120 4 9
 121 4.3 6.5
 122 3.625 6.125
 128 4 8.5
 132 3.625 6.875
 135 4 8
 139 3.75 5.75
 146 7.5 1.6
 150 7.25 0.5
 153 8 1
 179 7.625 2.5
 227 5.5 7
 54 3 5
 55 1.4 1.8
 56 3.5 5
 58 4 5.5
 63 1.333333333333333 2.166666666666667
 67 0.75 1.75
 82 3.5 5.5
 96 4 5.5
 100 4.5 6.5
 101 3.5 7.5
 103 3 5.5
 104 2.5 9
 106 3.5 8.5
 109 4 8.75
 111 2.5 9
 117 3 8.5
 119 3.5 6
 129 4.75 6.5
 130 3 6.5
 134 3.5 6.5
 136 2.5 5.5
 138 4 9
 144 7.5 1.25
 149 7 1.5
 156 8 2.5
 159 7.5 2
 163 7.25 1.25
 168 8 1
 169 7.75 2.75
 184 8 2
 185 7.25 0.75
 188 6.75 1.25
 192 5 6.5
 193 6.5 8.25
 200 5 8
 207 6.25 7.5
 213 5.5 7
 220 4.5 8
 224 7.5 7
 225 4.5 7
 229 5 8
 234 6.5 8.25
# name: Estimatedcoordinates2
# type: matrix
# rows: 42
# columns: 3
 54 3 5
 55 1.4 1.8
 56 3.5 5
 58 4 5.5
 63 1.333333333333333 2.166666666666667
 67 0.75 1.75
 82 3.5 5.5
 96 4 5.5
 100 4.5 6.5
 101 3.5 7.5
 103 3 5.5
 104 2.5 9
 106 3.5 8.5
 109 4 8.75
 111 2.5 9
 117 3 8.5
 119 3.5 6
 129 4.75 6.5
 130 3 6.5
 134 3.5 6.5
 136 2.5 5.5
 138 4 9
 144 7.5 1.25
 149 7 1.5
 156 8 2.5
 159 7.5 2
 163 7.25 1.25
 168 8 1
 169 7.75 2.75
 184 8 2
 185 7.25 0.75
 188 6.75 1.25
 192 5 6.5
 193 6.5 8.25
 200 5 8
 207 6.25 7.5
 213 5.5 7
 220 4.5 8
 224 7.5 7
 225 4.5 7
 229 5 8
 234 6.5 8.25
# name: Error_2
# type: scalar
0.7874690600630154
# name: Error_total
# type: scalar
0.7571341390880756
# name: size_EstimatedCoordinates_row
# type: scalar
42
