# Created by Octave 2.9.13, Sat Oct 20 19:26:08 2007 EDT <eagblanc@wha160>
# name: Estimatedcoordinates_tot
# type: matrix
# rows: 43
# columns: 3
 74 1.166666666666667 1.166666666666667
 128 2 8.75
 129 2 8.75
 142 7 2.5
 145 7 2
 148 7 1.5
 156 5.5 2
 160 7.5 2
 161 7.5 2
 173 7 2
 177 7 2
 206 9.166666666666666 8.833333333333334
 237 7.5 8.875
 42 1.5 1.166666666666667
 64 0.5 2.5
 71 1 1
 86 2.75 0.5
 92 2.5 8.5
 125 2 8.5
 143 7 1
 147 6.5 1.5
 149 7 1
 155 7.333333333333333 1.166666666666667
 157 7 2
 162 7 1
 165 5.5 2
 168 6.5 1.5
 169 7 1.5
 174 6.5 2
 175 7 2.5
 176 6.75 2.5
 180 7 2.5
 181 6.5 2.5
 182 5.5 2.25
 185 5.75 2
 188 6.5 2.5
 190 6.75 1.25
 191 9 9
 215 8.5 8.5
 219 8.5 8.333333333333334
 220 7.875 8.5
 227 8.5 8.75
 232 8 9
# name: Estimatedcoordinates2
# type: matrix
# rows: 30
# columns: 3
 42 1.5 1.166666666666667
 64 0.5 2.5
 71 1 1
 86 2.75 0.5
 92 2.5 8.5
 125 2 8.5
 143 7 1
 147 6.5 1.5
 149 7 1
 155 7.333333333333333 1.166666666666667
 157 7 2
 162 7 1
 165 5.5 2
 168 6.5 1.5
 169 7 1.5
 174 6.5 2
 175 7 2.5
 176 6.75 2.5
 180 7 2.5
 181 6.5 2.5
 182 5.5 2.25
 185 5.75 2
 188 6.5 2.5
 190 6.75 1.25
 191 9 9
 215 8.5 8.5
 219 8.5 8.333333333333334
 220 7.875 8.5
 227 8.5 8.75
 232 8 9
# name: Error_2
# type: scalar
0.9348843427037214
# name: Error_total
# type: scalar
0.8799022657947374
# name: size_EstimatedCoordinates_row
# type: scalar
30
