# Created by Octave 2.9.13, Wed Oct 10 01:44:51 2007 EDT <eagblanc@wha157>
# name: Estimatedcoordinates_tot
# type: matrix
# rows: 45
# columns: 3
 46 1.25 5
 47 1 5
 55 4.5 3
 99 1.5 5.5
 121 1 6
 123 1 5
 131 1 5.5
 149 5.25 2.75
 160 6.5 3.75
 161 5.25 2.75
 168 6 3
 171 5.5 2.666666666666667
 195 8.785714285714286 6.642857142857143
 49 5 1.5
 57 5 2.5
 58 5.5 3
 61 2 4.25
 65 1 4.5
 66 5 2.5
 78 3 4
 80 1 4.5
 81 1.5 5.5
 87 4 2.75
 98 1.5 5.5
 102 1.5 5.5
 111 2 5.5
 118 1 5
 127 1 5.75
 129 2 4.75
 135 1.833333333333333 5.666666666666667
 142 6.5 4
 147 5.666666666666667 4.583333333333333
 150 5.5 1.5
 151 5.5 4
 152 6 3.5
 158 6 3.5
 159 6.5 3.25
 162 5 2.5
 164 6 3.5
 180 5.5 4
 189 5 2
 203 8.875 6.5
 219 5.7 4.7
 223 8.666666666666666 6.416666666666667
 224 8 7.75
# name: Estimatedcoordinates2
# type: matrix
# rows: 32
# columns: 3
 49 5 1.5
 57 5 2.5
 58 5.5 3
 61 2 4.25
 65 1 4.5
 66 5 2.5
 78 3 4
 80 1 4.5
 81 1.5 5.5
 87 4 2.75
 98 1.5 5.5
 102 1.5 5.5
 111 2 5.5
 118 1 5
 127 1 5.75
 129 2 4.75
 135 1.833333333333333 5.666666666666667
 142 6.5 4
 147 5.666666666666667 4.583333333333333
 150 5.5 1.5
 151 5.5 4
 152 6 3.5
 158 6 3.5
 159 6.5 3.25
 162 5 2.5
 164 6 3.5
 180 5.5 4
 189 5 2
 203 8.875 6.5
 219 5.7 4.7
 223 8.666666666666666 6.416666666666667
 224 8 7.75
# name: Error_2
# type: scalar
0.7746208740321043
# name: Error_total
# type: scalar
0.7653884615667018
# name: size_EstimatedCoordinates_row
# type: scalar
32
