# Created by Octave 2.9.13, Wed Oct 10 02:04:03 2007 EDT <eagblanc@wha160>
# name: Estimatedcoordinates
# type: matrix
# rows: 22
# columns: 3
 41 5.25 4.5
 46 4 3.25
 96 5 7
 112 0.75 6
 154 5.25 4.5
 161 8 3.5
 162 8 2.75
 166 8.166666666666666 3.666666666666667
 176 7.333333333333333 3.166666666666667
 180 8.75 3.25
 182 8.166666666666666 3.833333333333333
 184 8 2.5
 186 9 4
 189 9.5 3
 190 8 3
 195 6 9
 207 5 7
 209 6.166666666666667 9.333333333333334
 219 7.333333333333333 9.166666666666666
 224 5.833333333333333 7.666666666666667
 233 4.5 6
 234 4.75 6.25
# name: Error_1
# type: scalar
0.8172543748342318
# name: size_EstimatedCoordinates_row
# type: scalar
22
