# Created by Octave 2.9.13, Sun Nov 04 21:19:13 2007 EST <eagblanc@wha396>
# name: Error
# type: scalar
0.5161624958984291
# name: Error_mult
# type: scalar
0.1967410638431921
# name: size_EstimatedCoordinates_row
# type: scalar
25
# name: size_Estimatedmult_row
# type: scalar
25
