# Created by Octave 2.9.13, Sun Nov 04 20:55:19 2007 EST <eagblanc@wha275>
# name: Error
# type: scalar
0.5562886886780201
# name: Error_mult
# type: scalar
0.2446897406997615
# name: size_EstimatedCoordinates_row
# type: scalar
12
# name: size_Estimatedmult_row
# type: scalar
12
