# Created by Octave 2.9.13, Sun Nov 04 20:31:30 2007 EST <eagblanc@wha396>
# name: Error
# type: scalar
0.5976698786190113
# name: Error_mult
# type: scalar
0.2134513218121682
# name: size_EstimatedCoordinates_row
# type: scalar
20
# name: size_Estimatedmult_row
# type: scalar
20
