# Created by Octave 2.9.13, Sun Nov 04 21:42:59 2007 EST <eagblanc@wha175>
# name: Error
# type: scalar
0.5760886505823775
# name: Error_mult
# type: scalar
0.1857218768873948
# name: size_EstimatedCoordinates_row
# type: scalar
24
# name: size_Estimatedmult_row
# type: scalar
24
