# Created by Octave 2.9.13, Sun Nov 04 20:06:00 2007 EST <eagblanc@wha644>
# name: Error
# type: scalar
0.5430698737611781
# name: Error_mult
# type: scalar
0.158455274341445
# name: size_EstimatedCoordinates_row
# type: scalar
16
# name: size_Estimatedmult_row
# type: scalar
16
