# Created by Octave 2.9.13, Fri Aug 31 02:33:29 2007 EDT <eagblanc@wha449>
# name: Error_total
# type: matrix
# rows: 10
# columns: 1
 2.240493394824768
 1.911502711195468
 2.028869252263689
 2.08551632596553
 1.494109173143927
 1.934181263022712
 1.843251141833851
 2.135711332094498
 1.624650258223316
 1.978433559033432
# name: Error
# type: matrix
# rows: 10
# columns: 1
 2.072030025243473
 1.756481324576992
 1.739947935092581
 1.705794668627525
 1.570997269469318
 1.597896917228314
 1.828747138653138
 2.121229795592069
 1.436297718932989
 1.983847032410733
# name: Error_2
# type: matrix
# rows: 10
# columns: 1
 2.72790849212296
 2.458054046283588
 2.984532391674211
 2.586271070322793
 1.207483863396685
 2.671089989135111
 1.888915702470341
 2.157251368415552
 2.410486204954611
 1.969543052996935
# name: size_Estimated1
# type: matrix
# rows: 10
# columns: 1
 20
 21
 22
 13
 23
 20
 16
 15
 22
 18
# name: size_Estimated2
# type: matrix
# rows: 10
# columns: 1
 6
 5
 5
 8
 7
 7
 5
 10
 4
 11
# name: AH
# type: matrix
# rows: 10
# columns: 1
 5.209302325581396
 5.465116279069767
 6.116279069767442
 5.488372093023256
 4.767441860465116
 4.976744186046512
 5.558139534883721
 6.697674418604652
 6.651162790697675
 5.697674418604652
# name: ND
# type: matrix
# rows: 10
# columns: 1
 16.06666666666667
 17.03333333333333
 19.56666666666667
 15.66666666666667
 16.96666666666667
 16.26666666666667
 17.76666666666667
 19.46666666666667
 21.2
 20.83333333333333
