# Created by Octave 2.9.13, Fri Aug 31 00:04:37 2007 EDT <eagblanc@wha92>
# name: Error_total
# type: matrix
# rows: 10
# columns: 1
 1.758199684919882
 1.824462588263938
 1.97223267206754
 1.637577774921113
 2.002369653049103
 2.021860514363979
 1.771942961892711
 2.196157302629482
 2.225071332155411
 2.172776957499389
# name: Error
# type: matrix
# rows: 10
# columns: 1
 1.626205092755306
 1.693760226156598
 1.5748063885108
 1.662194637085705
 1.403682921393469
 1.930929890518254
 1.647203031337921
 1.983690266768558
 1.995299774093222
 1.724792469609837
# name: Error_2
# type: matrix
# rows: 10
# columns: 1
 2.008568717246296
 1.975718546834447
 2.323807255514306
 1.604167773455879
 2.807825732905893
 2.18331003327268
 2.102211683313064
 2.432309235896149
 2.477126821095942
 2.567436124616857
# name: size_Estimated1
# type: matrix
# rows: 10
# columns: 1
 19
 10
 15
 16
 19
 17
 21
 16
 11
 15
# name: size_Estimated2
# type: matrix
# rows: 10
# columns: 1
 9
 8
 14
 12
 10
 9
 7
 13
 9
 14
# name: AH
# type: matrix
# rows: 10
# columns: 1
 4.609756097560975
 3.975609756097561
 4.073170731707317
 4.707317073170731
 3.780487804878049
 4.24390243902439
 4.195121951219512
 4.341463414634147
 4.707317073170731
 4.658536585365853
# name: ND
# type: matrix
# rows: 10
# columns: 1
 17.43333333333333
 14.63333333333333
 15.1
 16.7
 15.03333333333333
 19.93333333333333
 15.66666666666667
 16.4
 15.3
 17.1
