# Created by Octave 2.9.13, Thu Aug 30 20:00:28 2007 EDT <eagblanc@wha387>
# name: Error_total
# type: matrix
# rows: 10
# columns: 1
 2.191658013447394
 1.876368243881299
 1.862113903306754
 2.136675345275695
 1.850232827373492
 2.150286711254561
 2.146901630187103
 1.822094247316558
 1.917254239569532
 2.511492395300933
# name: Error
# type: matrix
# rows: 10
# columns: 1
 1.901201340354627
 1.96853492873442
 1.524711316688866
 1.909648024774422
 1.544891964649092
 2.008149728939657
 2.132671182421435
 1.4533360435464
 1.551033413436795
 2.262414615209839
# name: Error_2
# type: matrix
# rows: 10
# columns: 1
 2.654971331169484
 1.690062225487236
 2.344989721237421
 2.739522691889653
 2.136281554910072
 2.643483188451951
 2.161038372419434
 2.444847517841691
 2.395803094927881
 3.004243306919878
# name: size_Estimated1
# type: matrix
# rows: 10
# columns: 1
 17
 15
 16
 16
 11
 16
 11
 11
 13
 16
# name: size_Estimated2
# type: matrix
# rows: 10
# columns: 1
 9
 8
 9
 5
 10
 4
 11
 5
 8
 7
# name: AH
# type: matrix
# rows: 10
# columns: 1
 3.769230769230769
 3.41025641025641
 3.974358974358974
 3.974358974358974
 3.256410256410256
 4.025641025641026
 5
 3.538461538461538
 4.102564102564102
 4.743589743589744
# name: ND
# type: matrix
# rows: 10
# columns: 1
 16.76666666666667
 16.63333333333333
 15.7
 16.03333333333333
 13.5
 14.63333333333333
 18.3
 16.13333333333333
 17
 17.5
