# Created by Octave 2.9.13, Fri Aug 31 01:36:15 2007 EDT <eagblanc@wha450>
# name: Error_total
# type: matrix
# rows: 10
# columns: 1
 2.145142653319596
 1.718796868675159
 1.83616725372073
 2.173424051158891
 1.901735645681408
 2.127224942643482
 2.076418182277721
 1.990717265839518
 1.986243047553022
 1.894413279444382
# name: Error
# type: matrix
# rows: 10
# columns: 1
 1.968615535186797
 1.555265605200779
 1.777249503701331
 2.122830548999114
 1.682942128787945
 2.067731756511974
 1.987573218201745
 2.020203253549663
 1.866796401444958
 1.720184588892353
# name: Error_2
# type: matrix
# rows: 10
# columns: 1
 2.603882992038571
 3.062548212246035
 1.962274840689538
 2.341909709730091
 2.181147555383379
 2.392285181002386
 2.283456895289505
 1.873393288163866
 2.257375255183526
 2.272271618230614
# name: size_Estimated1
# type: matrix
# rows: 10
# columns: 1
 21
 24
 18
 21
 16
 24
 20
 23
 20
 20
# name: size_Estimated2
# type: matrix
# rows: 10
# columns: 1
 7
 2
 8
 6
 11
 5
 8
 6
 8
 8
# name: AH
# type: matrix
# rows: 10
# columns: 1
 6.422222222222222
 5.933333333333334
 5.4
 7.288888888888889
 6.244444444444444
 7.311111111111111
 6.333333333333333
 5.622222222222222
 5.933333333333334
 5.777777777777778
# name: ND
# type: matrix
# rows: 10
# columns: 1
 18.56666666666667
 20.03333333333333
 15.16666666666667
 22.46666666666667
 17.56666666666667
 19.63333333333333
 16.56666666666667
 17.76666666666667
 18.1
 16.73333333333333
