# Created by Octave 2.9.13, Thu Oct 25 17:46:52 2007 EDT <eagblanc@wha323>
# name: Estimatedcoordinates_tot
# type: matrix
# rows: 183
# columns: 3
 102 1.5 2.5
 103 5 1.5
 104 3.5 4.5
 105 4.5 4.5
 106 3.5 1.5
 108 3.5 4.5
 109 3.5 3.5
 110 2 1.5
 111 1.5 4.5
 112 3.5 3.5
 115 1.5 1.5
 116 1.5 3.25
 117 4.0625 4.0625
 119 3.5 2.5
 121 3 4.5
 122 2.5 2.5
 123 1.5 2
 124 4.5 3.5
 127 3 3.5
 128 1.75 1.75
 129 1.5 2
 135 3.5 3.5
 136 1.5 2.5
 137 1.5 3.5
 140 1.5 3
 141 2 4.5
 143 2.5 1.5
 145 1.5 4.5
 149 1.5 4
 150 3 3.5
 151 5 8.5
 153 2.166666666666667 9
 155 2.5 8.5
 156 4.5 8
 157 1.5 7.5
 158 1.5 7
 159 3.5 6.5
 162 5.166666666666667 6
 164 5.5 7.5
 165 4.5 6
 168 4.5 7.5
 169 3.5 7.5
 170 2.5 6.5
 172 5 6.5
 173 2.5 6
 175 1.5 9.5
 176 4.5 8
 182 1.5 6.5
 183 2.5 6.5
 184 2 9.5
 185 1.5 8
 187 3.5 6.5
 188 2.5 7.5
 190 1.5 7.5
 191 2.5 9.5
 192 4.5 7.5
 193 3.5 5
 194 3.5 5.5
 195 2.5 6.5
 197 3 8.5
 198 2.5 6
 199 1.5 8
 202 9.25 3.75
 204 8 4.5
 205 9.5 4.5
 206 7 2.5
 217 9.5 4.5
 218 6 1.5
 219 7 2.5
 221 7.5 3.5
 222 9.5 3.5
 224 7.5 1.5
 228 6.5 5.5
 230 8.5 2.5
 233 7 3.5
 234 7.5 1.5
 238 7 2.5
 243 9.5 3.5
 245 4.5 1.5
 247 6.5 4.5
 249 9.5 3.5
 251 5.25 7.5
 252 9 7.5
 257 5.5 8
 258 6.5 6
 260 7.5 7.5
 261 9.25 5.5
 262 9.5 8.5
 263 6.5 6.5
 264 7.5 4.5
 265 6.5 5.5
 266 7.9 8.9
 267 6.5 5.5
 270 5.5 6.5
 271 7 8.5
 272 5.5 5.5
 274 8.25 7.5
 275 7 5.5
 276 9.5 5
 278 9.5 9.5
 281 7.5 7.5
 282 7.5 8.5
 283 8.5 9
 285 9.5 9
 286 6.5 9.5
 287 9.5 7.5
 288 9.5 8.5
 289 7.5 7.5
 290 6.5 8.5
 291 6.5 7
 294 9.5 6.5
 295 9.5 9
 298 6.5 8
 300 6.5 4.5
 101 2.5 2.5
 107 1.5 2
 113 3 5
 118 5 1.5
 120 4 1.5
 126 4 2.5
 130 4.5 1.5
 132 1.5 2.5
 133 4.5 1.5
 138 1 3
 139 3.5 4.5
 142 1.5 1.5
 144 2.5 2
 146 1 3
 147 4 3.5
 152 5 6.75
 160 2.5 7.5
 161 2.5 7
 163 2 9.5
 166 2 8
 167 2.5 6.5
 171 1.5 7.5
 174 1.5 5.5
 177 3.5 6.5
 178 3 8.5
 179 4 7.5
 180 2.5 6
 181 3.5 7.5
 186 2 5
 196 1.5 5
 201 6.5 1.5
 203 9 3.75
 207 6 1.5
 208 5.5 2.5
 209 9.5 4.5
 212 6.5 1
 215 9 1.5
 216 5.5 1.25
 220 9 3.5
 225 7.5 2
 229 7 2.5
 231 6 4.5
 232 7.5 2.5
 235 7.5 2.5
 236 6.5 3.5
 237 6.5 5
 239 7 5.5
 240 7.166666666666667 1.166666666666667
 242 7.5 1.5
 244 6.5 1.5
 246 9.5 3.5
 248 7 5.5
 250 7 1.5
 253 9 7.5
 254 5.5 6.5
 255 9.5 8.5
 256 9 8
 259 7.5 8.5
 268 5.5 5.5
 273 9 4.5
 277 8.5 5.5
 279 9.5 8.5
 280 7 8.5
 284 8.5 9
 292 9 4.5
 293 7 8.5
 296 9.5 7
 297 7.5 9.5
 299 5 8
# name: Estimatedcoordinates2
# type: matrix
# rows: 69
# columns: 3
 101 2.5 2.5
 107 1.5 2
 113 3 5
 118 5 1.5
 120 4 1.5
 126 4 2.5
 130 4.5 1.5
 132 1.5 2.5
 133 4.5 1.5
 138 1 3
 139 3.5 4.5
 142 1.5 1.5
 144 2.5 2
 146 1 3
 147 4 3.5
 152 5 6.75
 160 2.5 7.5
 161 2.5 7
 163 2 9.5
 166 2 8
 167 2.5 6.5
 171 1.5 7.5
 174 1.5 5.5
 177 3.5 6.5
 178 3 8.5
 179 4 7.5
 180 2.5 6
 181 3.5 7.5
 186 2 5
 196 1.5 5
 201 6.5 1.5
 203 9 3.75
 207 6 1.5
 208 5.5 2.5
 209 9.5 4.5
 212 6.5 1
 215 9 1.5
 216 5.5 1.25
 220 9 3.5
 225 7.5 2
 229 7 2.5
 231 6 4.5
 232 7.5 2.5
 235 7.5 2.5
 236 6.5 3.5
 237 6.5 5
 239 7 5.5
 240 7.166666666666667 1.166666666666667
 242 7.5 1.5
 244 6.5 1.5
 246 9.5 3.5
 248 7 5.5
 250 7 1.5
 253 9 7.5
 254 5.5 6.5
 255 9.5 8.5
 256 9 8
 259 7.5 8.5
 268 5.5 5.5
 273 9 4.5
 277 8.5 5.5
 279 9.5 8.5
 280 7 8.5
 284 8.5 9
 292 9 4.5
 293 7 8.5
 296 9.5 7
 297 7.5 9.5
 299 5 8
# name: Error_2
# type: scalar
0.8021960036659671
# name: Error_total
# type: scalar
0.6561500963542685
# name: size_EstimatedCoordinates_row
# type: scalar
69
