# Created by Octave 2.9.13, Fri Oct 19 19:52:03 2007 EDT <eagblanc@wha656>
# name: Estimatedcoordinates_tot
# type: matrix
# rows: 160
# columns: 3
 101 3.5 4.5
 107 4.5 1.5
 109 2.5 4
 111 2.5 1.5
 115 4.5 3.75
 116 3.5 4.5
 120 5.1 3.9
 123 4.5 5.5
 125 2.5 4.5
 127 4.5 4.5
 131 1.5 1.5
 133 4.5 1.5
 141 3.5 3.5
 144 2.5 4.5
 146 1.5 2.5
 149 4.5 3.5
 155 4.5 6
 156 4.5 5.5
 157 1.5 8.5
 160 2 9.5
 161 4.5 5.25
 165 2.5 5.5
 166 2.5 6.5
 169 1.5 9.5
 174 1.5 9.5
 175 4.5 6.5
 178 3.5 8.5
 179 2.5 8.5
 181 1.5 6
 186 3.5 6
 187 1.5 8.5
 189 4.25 6.25
 190 2.5 9.5
 192 4.5 5.5
 196 4 5.857142857142857
 197 3.5 6.5
 198 4.5 7.5
 199 3.5 5.5
 201 8.5 4.5
 203 5.5 2.5
 206 6.5 4
 209 9 3.5
 210 5.5 2.5
 211 7 2.5
 212 5.5 3
 214 7.5 2.5
 215 5.5 3.5
 219 5.5 3.5
 220 5.75 3.25
 221 8.5 3.5
 222 9.5 2.5
 223 7.5 2.5
 226 6.5 2.5
 227 7.5 3.5
 230 5.5 3.5
 232 8.5 3
 234 8.5 4.5
 236 6.5 2.5
 238 8.166666666666666 4
 247 6.5 4
 248 4.5 4
 251 7.5 7.5
 252 5.5 5.5
 254 9.5 5.75
 255 5.5 5.5
 257 7.5 7.5
 259 9.5 9.5
 261 9.5 6.5
 262 9 5.5
 263 6.5 8.5
 266 7.5 7.75
 267 5.5 8.5
 269 7.5 8.5
 271 6.5 7.5
 273 7.25 7.25
 274 8.5 6.5
 276 6.5 6.5
 277 5.5 7.5
 280 7.5 7
 282 5.5 6
 284 7.1 7.9
 285 6.5 6.5
 286 6.5 8.5
 287 4.5 8.5
 288 7.5 8.5
 289 9.5 8
 291 8.5 6.5
 294 7.5 8.5
 296 7.5 8.5
 299 9.5 7.5
 300 9.5 6.5
 103 2.5 2
 104 3.5 4
 105 2.5 5
 106 2.5 1.5
 108 4.5 3.5
 110 1.5 1.5
 112 2 1.5
 119 1.5 5
 122 2.5 2.5
 126 1.5 2
 128 3.5 2.5
 129 2 4
 130 1.5 2.5
 136 2 3
 137 1.75 3.25
 139 3.5 1.5
 142 4.5 5
 152 4.5 7
 153 4 6.5
 154 3 6.5
 158 1.5 5
 162 1.5 9.5
 163 4.25 7.75
 167 1.5 8.5
 168 2 8.5
 171 1.5 8.25
 172 3.5 9.5
 173 2 8.5
 177 5 6.5
 180 1.5 8.5
 182 3 8.5
 183 1.5 4.75
 184 1.5 8.5
 185 5 8.5
 188 2.5 6
 191 4 9.5
 194 4 7.5
 195 4 7
 200 4.5 7
 204 7.5 3.5
 205 8.5 2.5
 207 6.5 3.5
 216 6.5 3.5
 217 5.5 4.5
 218 8 3
 228 9.5 5
 235 9 3
 237 8.5 3.5
 239 8.5 4
 240 8 2.5
 245 6.5 2.5
 256 8.5 4.5
 258 6.5 7.5
 260 8.5 8
 264 8.5 6
 268 9.5 7.5
 270 8 8
 272 7.5 6.5
 275 8.5 8.5
 278 6 7.5
 279 7 7.5
 281 4.5 5.5
 283 8.5 7.5
 290 5.5 8.5
 292 7 8
 293 9.5 7.5
 295 7.5 6.5
 297 9.5 8
 298 7.5 9
# name: Estimatedcoordinates2
# type: matrix
# rows: 69
# columns: 3
 103 2.5 2
 104 3.5 4
 105 2.5 5
 106 2.5 1.5
 108 4.5 3.5
 110 1.5 1.5
 112 2 1.5
 119 1.5 5
 122 2.5 2.5
 126 1.5 2
 128 3.5 2.5
 129 2 4
 130 1.5 2.5
 136 2 3
 137 1.75 3.25
 139 3.5 1.5
 142 4.5 5
 152 4.5 7
 153 4 6.5
 154 3 6.5
 158 1.5 5
 162 1.5 9.5
 163 4.25 7.75
 167 1.5 8.5
 168 2 8.5
 171 1.5 8.25
 172 3.5 9.5
 173 2 8.5
 177 5 6.5
 180 1.5 8.5
 182 3 8.5
 183 1.5 4.75
 184 1.5 8.5
 185 5 8.5
 188 2.5 6
 191 4 9.5
 194 4 7.5
 195 4 7
 200 4.5 7
 204 7.5 3.5
 205 8.5 2.5
 207 6.5 3.5
 216 6.5 3.5
 217 5.5 4.5
 218 8 3
 228 9.5 5
 235 9 3
 237 8.5 3.5
 239 8.5 4
 240 8 2.5
 245 6.5 2.5
 256 8.5 4.5
 258 6.5 7.5
 260 8.5 8
 264 8.5 6
 268 9.5 7.5
 270 8 8
 272 7.5 6.5
 275 8.5 8.5
 278 6 7.5
 279 7 7.5
 281 4.5 5.5
 283 8.5 7.5
 290 5.5 8.5
 292 7 8
 293 9.5 7.5
 295 7.5 6.5
 297 9.5 8
 298 7.5 9
# name: Error_2
# type: scalar
0.7526890307723135
# name: Error_total
# type: scalar
0.6679373391672581
# name: size_EstimatedCoordinates_row
# type: scalar
69
