# Created by Octave 2.9.13, Thu Oct 25 20:57:17 2007 EDT <eagblanc@wha46>
# name: Estimatedcoordinates_tot
# type: matrix
# rows: 167
# columns: 3
 101 3.5 3.5
 102 1.5 4.5
 111 3.5 2.5
 112 4.5 2.5
 118 3.5 1.5
 119 4 4.5
 120 3.5 4.5
 122 4.5 5.5
 125 4.833333333333333 2.833333333333333
 126 1.5 3
 127 3 2.5
 129 5 4.5
 130 4.5 2.5
 131 3.5 3.5
 132 5 3.5
 133 4.5 1.75
 136 3 2.5
 139 3.5 2.5
 141 2.5 3.5
 142 1.5 2.5
 146 3.5 4.5
 147 5 1.5
 148 1.5 4.5
 149 2 2.5
 150 1.5 3.5
 156 4.5 6.5
 158 4.5 7
 159 4.5 9
 162 3.5 9.5
 168 5 5.5
 171 4.5 8.5
 173 2.5 6.5
 174 1.5 9.5
 179 2.5 6.5
 180 3.5 7
 181 4.5 7.5
 182 2 9.5
 183 4.5 9.5
 184 2 5.5
 185 4 9.5
 186 3.5 9.25
 188 2.5 6.5
 191 2.5 7.5
 194 1.5 6.5
 195 4.5 6.5
 196 3.5 6.5
 198 4.5 9
 200 3.5 6.5
 203 8.5 4.5
 204 6.5 2
 207 8.5 5.5
 210 5.5 4.5
 212 6.5 1.5
 213 5.5 4.5
 215 8.5 3
 219 8.5 4
 225 9.5 5
 226 8.5 3.5
 227 5.5 1.5
 230 5.5 3.5
 231 6.333333333333333 2
 234 5.5 5
 238 8.5 5.5
 239 5 4.5
 240 8.5 2.5
 241 7 1.5
 244 5.5 2
 246 5 4.5
 251 4.5 9.5
 253 5.5 8.5
 254 5.5 7.5
 255 8.5 9
 259 7.5 9.5
 260 7.5 6.25
 263 9.5 7
 264 8.5 7.5
 265 6 7.5
 266 6 5.5
 269 6.5 8.5
 270 6 7.5
 271 8.5 9.5
 274 8.5 6.5
 275 6.5 8.5
 276 4.5 6.5
 277 8.5 8.5
 278 7.5 8.5
 279 8.5 8
 280 7.5 7.5
 281 8.5 7
 282 8.5 9.5
 283 7.5 5.5
 285 7.5 9.5
 288 6 5.5
 289 7.5 8.5
 290 6.5 9
 294 5 9.5
 295 6.5 9
 296 7.5 6.5
 298 9.5 6.5
 103 1.5 3
 105 3.5 4.5
 106 1.75 1.5
 109 3 2.5
 110 4.5 4
 113 5.5 4.5
 114 3.25 2
 115 1.5 3
 116 1.5 5
 121 2.5 2
 123 3 2
 135 2.5 4.5
 138 2 4.5
 140 4 2.5
 143 3.5 3.5
 151 3.5 9.5
 153 3 8
 154 4 9
 155 4.5 9
 160 4 6.5
 161 2 9.5
 165 1.5 9.5
 172 2.5 6.5
 175 2 9.5
 176 4.5 6.5
 177 2.5 9.5
 187 4 6
 189 3.5 7.5
 190 4.5 5
 192 4.5 9.5
 193 4 8.5
 197 2 5.5
 199 2 9.5
 201 6.25 1.5
 205 6.5 2.5
 206 5 1.5
 209 7.75 1.5
 211 7 1.5
 214 6 1.5
 218 6 1.5
 221 6.5 1.5
 224 7.5 1.5
 228 7 2.5
 229 6 4
 232 8.5 3.5
 233 5.5 4.5
 243 9 3.5
 245 8.5 4
 249 6.5 1.5
 252 5 9.5
 256 9 7.5
 257 9 9.5
 258 5.5 6.5
 261 7.75 9
 262 9.5 9
 267 9 8.5
 268 5 5.5
 272 7.75 7.25
 273 7 8.5
 284 9 6.5
 286 5.5 6.5
 287 7 8
 291 6.5 9
 292 6.5 5.5
 293 8.5 6.5
 297 9 9.5
 299 7.5 7.5
 300 6.5 6.5
# name: Estimatedcoordinates2
# type: matrix
# rows: 68
# columns: 3
 103 1.5 3
 105 3.5 4.5
 106 1.75 1.5
 109 3 2.5
 110 4.5 4
 113 5.5 4.5
 114 3.25 2
 115 1.5 3
 116 1.5 5
 121 2.5 2
 123 3 2
 135 2.5 4.5
 138 2 4.5
 140 4 2.5
 143 3.5 3.5
 151 3.5 9.5
 153 3 8
 154 4 9
 155 4.5 9
 160 4 6.5
 161 2 9.5
 165 1.5 9.5
 172 2.5 6.5
 175 2 9.5
 176 4.5 6.5
 177 2.5 9.5
 187 4 6
 189 3.5 7.5
 190 4.5 5
 192 4.5 9.5
 193 4 8.5
 197 2 5.5
 199 2 9.5
 201 6.25 1.5
 205 6.5 2.5
 206 5 1.5
 209 7.75 1.5
 211 7 1.5
 214 6 1.5
 218 6 1.5
 221 6.5 1.5
 224 7.5 1.5
 228 7 2.5
 229 6 4
 232 8.5 3.5
 233 5.5 4.5
 243 9 3.5
 245 8.5 4
 249 6.5 1.5
 252 5 9.5
 256 9 7.5
 257 9 9.5
 258 5.5 6.5
 261 7.75 9
 262 9.5 9
 267 9 8.5
 268 5 5.5
 272 7.75 7.25
 273 7 8.5
 284 9 6.5
 286 5.5 6.5
 287 7 8
 291 6.5 9
 292 6.5 5.5
 293 8.5 6.5
 297 9 9.5
 299 7.5 7.5
 300 6.5 6.5
# name: Error_2
# type: scalar
0.7885806411717119
# name: Error_total
# type: scalar
0.6612518835780039
# name: size_EstimatedCoordinates_row
# type: scalar
68
