# Created by Octave 2.9.13, Thu Oct 25 22:51:45 2007 EDT <eagblanc@wha49>
# name: Estimatedcoordinates_tot
# type: matrix
# rows: 173
# columns: 3
 102 3.5 2.5
 103 2.5 3.5
 104 2.5 3.5
 110 1.5 4.5
 111 1.5 4.5
 116 3.5 3.5
 118 2.5 4.5
 119 4.5 4.5
 122 4.5 4.5
 123 2.5 3.5
 124 1.5 5
 125 3.5 4.5
 126 1.5 3.5
 129 4.5 1.5
 133 2 1.5
 142 2.5 4
 143 3.5 1.5
 144 1.5 2.5
 146 1.5 4.5
 148 4.25 4.5
 151 3.5 7
 153 2.5 9.5
 157 3.5 7.5
 158 3.5 9.5
 160 3.5 4.5
 162 1.75 5.5
 164 3.5 5.5
 168 4.5 8.5
 171 5 8.5
 174 1.5 9.5
 177 1.5 5.5
 178 1.75 4.75
 179 3.5 6.5
 181 3 5.5
 182 2.5 9
 185 4 6.5
 191 4.5 7.5
 194 1.5 9.5
 195 5.5 7.5
 196 4.5 5.5
 198 5 7.833333333333333
 203 8.5 4.5
 205 6.5 4
 207 5.5 4.5
 209 8.5 2.5
 218 5.5 4.5
 220 7.5 1.5
 226 7.5 1.5
 227 6.5 3.5
 231 8.5 4.5
 236 9.5 3.5
 239 9.5 2.5
 242 9 1.5
 250 7.5 4
 251 7 7.75
 259 6.5 7.5
 260 8.25 9.25
 263 7.5 6.5
 266 6.5 6.5
 269 5.5 7.5
 271 9.5 8.5
 273 7.833333333333333 7
 274 6.5 7.5
 276 5 8.5
 280 8 9.5
 281 5 9.5
 282 6 7.5
 283 9.5 7.5
 285 6.833333333333333 7.833333333333333
 287 9 5.5
 290 8.5 9.5
 291 8.5 6.5
 293 8.5 6.5
 296 7.5 9
 297 5.5 9
 298 8.5 7.5
 299 6.5 6.5
 300 8.5 8.5
 101 3.5 2.5
 105 1.5 1.5
 106 3 3.5
 107 1.5 3
 108 2.5 1.5
 109 2.5 3
 114 2.5 4.5
 115 1.5 2.5
 127 2 1.5
 128 3 1.5
 130 1.5 2.5
 132 3.5 3.5
 134 1.5 1.5
 135 1.5 2
 136 2.5 3
 137 1.5 1.5
 138 4 2.5
 139 1.5 2
 140 3 2
 141 1.5 3
 145 1.5 1.5
 149 4 1.5
 152 1.5 5
 154 3.5 5.5
 155 2.5 6
 156 2 5.5
 159 2.5 6.5
 161 4.5 7.5
 163 1.75 6.5
 166 4.25 7
 170 2 9
 172 1.5 7.75
 173 2 9
 176 4 8.5
 180 3.5 7.5
 183 2 9
 184 1.5 9
 186 1.5 5.5
 187 3 5
 190 4 7.5
 197 1.5 8.25
 200 4.5 8.5
 201 8.5 2
 202 9 3.5
 204 5.5 2
 206 7.5 4.5
 208 8.5 3.5
 210 9 1.5
 211 9 2.5
 212 7 1.5
 213 9.25 2.5
 216 9.166666666666666 5.333333333333333
 217 9.5 4.5
 219 5 2.25
 222 6.5 3.5
 224 6.5 2.5
 225 9 5.5
 228 9.5 4
 229 5.5 3.5
 233 6.5 1.5
 234 9 3.5
 235 6.5 1.5
 237 6.25 4.5
 240 8 1.5
 241 9.5 3
 243 7.5 3.5
 245 6.5 2.5
 246 9 1.5
 248 5.5 4.5
 249 9.5 3.5
 252 9.5 9.25
 253 7 7
 254 7.5 6.5
 255 9.5 8.5
 256 7.5 6.5
 257 7.5 8
 258 9 8
 261 8.5 5.5
 262 4.5 5
 264 6 5.5
 265 7.5 6.5
 267 6.5 6
 268 8.5 7.5
 270 6.75 4.5
 272 7.5 9
 275 6.5 8.5
 277 7 7
 278 6 8.5
 279 4.5 7
 284 7.5 9
 286 6.5 8
 288 5 9.5
 289 9.5 9
 292 9 7.5
 294 8.5 8.5
# name: Estimatedcoordinates2
# type: matrix
# rows: 95
# columns: 3
 101 3.5 2.5
 105 1.5 1.5
 106 3 3.5
 107 1.5 3
 108 2.5 1.5
 109 2.5 3
 114 2.5 4.5
 115 1.5 2.5
 127 2 1.5
 128 3 1.5
 130 1.5 2.5
 132 3.5 3.5
 134 1.5 1.5
 135 1.5 2
 136 2.5 3
 137 1.5 1.5
 138 4 2.5
 139 1.5 2
 140 3 2
 141 1.5 3
 145 1.5 1.5
 149 4 1.5
 152 1.5 5
 154 3.5 5.5
 155 2.5 6
 156 2 5.5
 159 2.5 6.5
 161 4.5 7.5
 163 1.75 6.5
 166 4.25 7
 170 2 9
 172 1.5 7.75
 173 2 9
 176 4 8.5
 180 3.5 7.5
 183 2 9
 184 1.5 9
 186 1.5 5.5
 187 3 5
 190 4 7.5
 197 1.5 8.25
 200 4.5 8.5
 201 8.5 2
 202 9 3.5
 204 5.5 2
 206 7.5 4.5
 208 8.5 3.5
 210 9 1.5
 211 9 2.5
 212 7 1.5
 213 9.25 2.5
 216 9.166666666666666 5.333333333333333
 217 9.5 4.5
 219 5 2.25
 222 6.5 3.5
 224 6.5 2.5
 225 9 5.5
 228 9.5 4
 229 5.5 3.5
 233 6.5 1.5
 234 9 3.5
 235 6.5 1.5
 237 6.25 4.5
 240 8 1.5
 241 9.5 3
 243 7.5 3.5
 245 6.5 2.5
 246 9 1.5
 248 5.5 4.5
 249 9.5 3.5
 252 9.5 9.25
 253 7 7
 254 7.5 6.5
 255 9.5 8.5
 256 7.5 6.5
 257 7.5 8
 258 9 8
 261 8.5 5.5
 262 4.5 5
 264 6 5.5
 265 7.5 6.5
 267 6.5 6
 268 8.5 7.5
 270 6.75 4.5
 272 7.5 9
 275 6.5 8.5
 277 7 7
 278 6 8.5
 279 4.5 7
 284 7.5 9
 286 6.5 8
 288 5 9.5
 289 9.5 9
 292 9 7.5
 294 8.5 8.5
# name: Error_2
# type: scalar
0.7347061210933608
# name: Error_total
# type: scalar
0.674555623519466
# name: size_EstimatedCoordinates_row
# type: scalar
95
