# Created by Octave 2.9.13, Fri Oct 26 00:43:51 2007 EDT <eagblanc@wha15>
# name: Estimatedcoordinates
# type: matrix
# rows: 83
# columns: 3
 106 3.5 4.5
 107 3.5 4.5
 109 1.5 2.5
 110 1.5 4.5
 114 3.5 1.5
 115 2.5 1.5
 118 2.5 1.5
 119 3.5 2
 126 3.5 2.5
 130 2.5 3.5
 131 3.5 1.5
 133 3.5 3.5
 140 2.5 1.5
 143 1.5 1.5
 148 4.5 4.5
 151 4.5 4.5
 152 3.5 8.5
 153 1.5 5.5
 155 4 8.5
 156 4 9.5
 162 1.5 8.5
 164 3.5 7.75
 165 2.5 8.5
 168 2.5 7.5
 170 3 6.5
 171 2 7.5
 173 2 5.5
 176 3.5 6.5
 180 1.5 6.5
 183 3.5 7.5
 186 3.5 8.5
 188 1.5 6.75
 189 1.5 7
 190 2 9.5
 191 4.25 6.5
 193 2.5 9.5
 194 1.5 7.5
 195 4.5 9.5
 196 4.5 5.5
 198 2.333333333333333 7
 200 1.5 7
 202 6.5 4.5
 204 6 3.5
 206 8.5 5.5
 215 6 5.5
 222 9 4.5
 223 9.5 2
 224 6.5 3.5
 227 6.5 2.5
 228 6.75 4.5
 230 5.5 4.5
 236 7.5 2.75
 241 6.5 2.5
 243 5.5 4.5
 245 8.5 4.5
 246 8.5 4.5
 249 7.5 2.5
 252 6 8.5
 253 7.5 5.5
 256 6.5 8.5
 260 8.5 5.5
 262 7.5 8.5
 263 8.5 4.5
 264 5.5 7.5
 267 7.5 9
 268 5.5 8.5
 270 4.833333333333333 6
 271 7.5 5.5
 272 6.5 9.5
 273 8.5 8.5
 275 8 5.5
 277 4.5 5.5
 279 9.5 7.5
 284 8.5 8.5
 285 6.5 8.5
 286 7.5 4.5
 287 8.5 5.5
 288 6.5 9.5
 290 4.5 8
 294 5.5 5
 296 6.5 5.25
 297 6.5 5.5
 299 7.5 7.5
# name: Error_total
# type: scalar
0.5808282486592774
# name: size_EstimatedCoordinates_row
# type: scalar
83
