# Created by Octave 2.9.13, Thu Oct 25 17:39:56 2007 EDT <eagblanc@wha279>
# name: Estimatedcoordinates
# type: matrix
# rows: 114
# columns: 3
 102 1.5 2.5
 103 5 1.5
 104 3.5 4.5
 105 4.5 4.5
 106 3.5 1.5
 108 3.5 4.5
 109 3.5 3.5
 110 2 1.5
 111 1.5 4.5
 112 3.5 3.5
 115 1.5 1.5
 116 1.5 3.25
 117 4.0625 4.0625
 119 3.5 2.5
 121 3 4.5
 122 2.5 2.5
 123 1.5 2
 124 4.5 3.5
 127 3 3.5
 128 1.75 1.75
 129 1.5 2
 135 3.5 3.5
 136 1.5 2.5
 137 1.5 3.5
 140 1.5 3
 141 2 4.5
 143 2.5 1.5
 145 1.5 4.5
 149 1.5 4
 150 3 3.5
 151 5 8.5
 153 2.166666666666667 9
 155 2.5 8.5
 156 4.5 8
 157 1.5 7.5
 158 1.5 7
 159 3.5 6.5
 162 5.166666666666667 6
 164 5.5 7.5
 165 4.5 6
 168 4.5 7.5
 169 3.5 7.5
 170 2.5 6.5
 172 5 6.5
 173 2.5 6
 175 1.5 9.5
 176 4.5 8
 182 1.5 6.5
 183 2.5 6.5
 184 2 9.5
 185 1.5 8
 187 3.5 6.5
 188 2.5 7.5
 190 1.5 7.5
 191 2.5 9.5
 192 4.5 7.5
 193 3.5 5
 194 3.5 5.5
 195 2.5 6.5
 197 3 8.5
 198 2.5 6
 199 1.5 8
 202 9.25 3.75
 204 8 4.5
 205 9.5 4.5
 206 7 2.5
 217 9.5 4.5
 218 6 1.5
 219 7 2.5
 221 7.5 3.5
 222 9.5 3.5
 224 7.5 1.5
 228 6.5 5.5
 230 8.5 2.5
 233 7 3.5
 234 7.5 1.5
 238 7 2.5
 243 9.5 3.5
 245 4.5 1.5
 247 6.5 4.5
 249 9.5 3.5
 251 5.25 7.5
 252 9 7.5
 257 5.5 8
 258 6.5 6
 260 7.5 7.5
 261 9.25 5.5
 262 9.5 8.5
 263 6.5 6.5
 264 7.5 4.5
 265 6.5 5.5
 266 7.9 8.9
 267 6.5 5.5
 270 5.5 6.5
 271 7 8.5
 272 5.5 5.5
 274 8.25 7.5
 275 7 5.5
 276 9.5 5
 278 9.5 9.5
 281 7.5 7.5
 282 7.5 8.5
 283 8.5 9
 285 9.5 9
 286 6.5 9.5
 287 9.5 7.5
 288 9.5 8.5
 289 7.5 7.5
 290 6.5 8.5
 291 6.5 7
 294 9.5 6.5
 295 9.5 9
 298 6.5 8
 300 6.5 4.5
# name: Error_total
# type: scalar
0.5492000410847043
# name: size_EstimatedCoordinates_row
# type: scalar
114
