# Created by Octave 2.9.13, Fri Oct 19 21:21:58 2007 EDT <eagblanc@wha563>
# name: Estimatedcoordinates_tot
# type: matrix
# rows: 169
# columns: 3
 101 1.5 4.5
 105 3.5 3
 106 4.5 1.5
 110 2.1 4.1
 111 3.5 1.5
 114 2.5 3.5
 117 2.5 3.5
 118 2.5 2.5
 121 4.5 1.5
 124 3.5 1.5
 127 2 3.5
 128 2.5 4.5
 133 2.5 4.5
 134 2.5 2.5
 136 1.75 4.25
 145 4 2.5
 146 3.5 1.5
 148 3 1.5
 149 2.75 2.25
 150 3.5 1.5
 154 4 5.5
 156 2.5 5.5
 158 3 8.5
 161 4 9.5
 163 5.5 6.5
 166 5 7.5
 167 2.5 8.5
 169 2.5 6.5
 171 4.5 7.5
 172 3.5 8.5
 173 4.5 8.5
 174 4.75 8.5
 176 4.5 8.5
 180 4.5 8.5
 183 1.5 6.5
 188 1.5 8.5
 193 2.5 8.5
 194 4.5 6.5
 197 4 7.5
 203 8.5 2.25
 204 5.5 4.5
 205 4.5 1.5
 207 6.5 3.5
 208 6.25 4.25
 212 9.5 3.5
 214 6.5 2.5
 217 7.5 1.5
 219 7.5 3.5
 221 7.5 2.5
 223 7.5 2
 225 5.5 4
 227 6 2.5
 228 9.5 3.5
 229 9.5 1.5
 230 8.5 4.5
 233 4.5 1.5
 234 8.5 2.5
 236 7 4.5
 238 6.25 3.25
 239 7.5 3.5
 241 7.5 3.5
 245 9.5 2.5
 246 5.5 3
 247 8 1.5
 248 5.5 1.5
 250 6.5 3.5
 253 7.5 6.5
 254 5.5 9.5
 256 9 9.5
 258 5.5 8.5
 259 4.5 8.5
 260 9 9.5
 261 7.5 7
 262 6.5 5.5
 263 7.5 9.5
 264 7.5 6.5
 266 9 5.5
 268 5.5 5.5
 269 8.5 9.5
 270 9.5 9.5
 271 6.5 5.5
 275 9 7.5
 277 8.5 9.5
 278 7.5 7
 279 5.5 7.5
 280 8.5 7
 283 6.5 7.5
 284 9.5 9
 285 5 6.5
 286 6.5 6.5
 288 8.5 7
 289 4.5 7.5
 290 8 8.5
 292 6 6.5
 293 6.5 9.5
 294 5.5 7.5
 295 6 6.5
 297 6.5 5.5
 298 9.5 9.5
 300 5.5 9.5
 103 4 4.5
 108 4 2.5
 112 2 3.5
 115 2.5 3.5
 116 4 1.5
 122 2 1.5
 125 3.5 1.5
 130 2 3.5
 131 3.5 1.5
 132 2.5 3.5
 135 4.5 1.5
 141 1.5 4
 143 2 2.5
 147 4.25 2
 151 2.5 9.5
 152 2 8.5
 153 1.5 9
 155 2 8.5
 159 3 5.166666666666667
 160 5 4.5
 165 4 8
 179 4 6.5
 181 1.5 9
 182 3 5.5
 184 1.5 8
 186 2 6.5
 187 4 9.5
 189 4.5 9
 190 3.5 9.5
 191 2.5 7.5
 195 2.5 8
 198 3 6.5
 199 2.5 7.5
 200 5 7.5
 206 5 1.5
 209 7.5 4.5
 211 6 3.5
 213 9.5 1.5
 215 5 1.5
 216 8 2.5
 218 8.5 2.5
 220 8 4
 222 7 1.5
 224 8.5 2
 226 7.5 4
 231 8 1.5
 232 9.5 3
 235 9.5 1.5
 237 8 1.5
 240 9.5 3.5
 243 7.5 1.5
 244 8.5 4.5
 249 8.25 1.5
 251 7 6
 252 9.25 4.75
 255 9.25 8.75
 257 9.5 9.5
 265 8 7.5
 267 6 7.5
 272 6.5 5.5
 273 5.5 8.25
 274 8.5 7
 276 5.5 5.5
 281 7.5 4.5
 282 9 8.5
 287 7 9
 291 6 8.5
 296 8.5 5.5
 299 9 6.5
# name: Estimatedcoordinates2
# type: matrix
# rows: 69
# columns: 3
 103 4 4.5
 108 4 2.5
 112 2 3.5
 115 2.5 3.5
 116 4 1.5
 122 2 1.5
 125 3.5 1.5
 130 2 3.5
 131 3.5 1.5
 132 2.5 3.5
 135 4.5 1.5
 141 1.5 4
 143 2 2.5
 147 4.25 2
 151 2.5 9.5
 152 2 8.5
 153 1.5 9
 155 2 8.5
 159 3 5.166666666666667
 160 5 4.5
 165 4 8
 179 4 6.5
 181 1.5 9
 182 3 5.5
 184 1.5 8
 186 2 6.5
 187 4 9.5
 189 4.5 9
 190 3.5 9.5
 191 2.5 7.5
 195 2.5 8
 198 3 6.5
 199 2.5 7.5
 200 5 7.5
 206 5 1.5
 209 7.5 4.5
 211 6 3.5
 213 9.5 1.5
 215 5 1.5
 216 8 2.5
 218 8.5 2.5
 220 8 4
 222 7 1.5
 224 8.5 2
 226 7.5 4
 231 8 1.5
 232 9.5 3
 235 9.5 1.5
 237 8 1.5
 240 9.5 3.5
 243 7.5 1.5
 244 8.5 4.5
 249 8.25 1.5
 251 7 6
 252 9.25 4.75
 255 9.25 8.75
 257 9.5 9.5
 265 8 7.5
 267 6 7.5
 272 6.5 5.5
 273 5.5 8.25
 274 8.5 7
 276 5.5 5.5
 281 7.5 4.5
 282 9 8.5
 287 7 9
 291 6 8.5
 296 8.5 5.5
 299 9 6.5
# name: Error_2
# type: scalar
0.7409796878220077
# name: Error_total
# type: scalar
0.643452402812678
# name: size_EstimatedCoordinates_row
# type: scalar
69
