# Created by Octave 2.9.13, Fri Oct 19 21:12:51 2007 EDT <eagblanc@wha163>
# name: Estimatedcoordinates
# type: matrix
# rows: 100
# columns: 3
 101 1.5 4.5
 105 3.5 3
 106 4.5 1.5
 110 2.1 4.1
 111 3.5 1.5
 114 2.5 3.5
 117 2.5 3.5
 118 2.5 2.5
 121 4.5 1.5
 124 3.5 1.5
 127 2 3.5
 128 2.5 4.5
 133 2.5 4.5
 134 2.5 2.5
 136 1.75 4.25
 145 4 2.5
 146 3.5 1.5
 148 3 1.5
 149 2.75 2.25
 150 3.5 1.5
 154 4 5.5
 156 2.5 5.5
 158 3 8.5
 161 4 9.5
 163 5.5 6.5
 166 5 7.5
 167 2.5 8.5
 169 2.5 6.5
 171 4.5 7.5
 172 3.5 8.5
 173 4.5 8.5
 174 4.75 8.5
 176 4.5 8.5
 180 4.5 8.5
 183 1.5 6.5
 188 1.5 8.5
 193 2.5 8.5
 194 4.5 6.5
 197 4 7.5
 203 8.5 2.25
 204 5.5 4.5
 205 4.5 1.5
 207 6.5 3.5
 208 6.25 4.25
 212 9.5 3.5
 214 6.5 2.5
 217 7.5 1.5
 219 7.5 3.5
 221 7.5 2.5
 223 7.5 2
 225 5.5 4
 227 6 2.5
 228 9.5 3.5
 229 9.5 1.5
 230 8.5 4.5
 233 4.5 1.5
 234 8.5 2.5
 236 7 4.5
 238 6.25 3.25
 239 7.5 3.5
 241 7.5 3.5
 245 9.5 2.5
 246 5.5 3
 247 8 1.5
 248 5.5 1.5
 250 6.5 3.5
 253 7.5 6.5
 254 5.5 9.5
 256 9 9.5
 258 5.5 8.5
 259 4.5 8.5
 260 9 9.5
 261 7.5 7
 262 6.5 5.5
 263 7.5 9.5
 264 7.5 6.5
 266 9 5.5
 268 5.5 5.5
 269 8.5 9.5
 270 9.5 9.5
 271 6.5 5.5
 275 9 7.5
 277 8.5 9.5
 278 7.5 7
 279 5.5 7.5
 280 8.5 7
 283 6.5 7.5
 284 9.5 9
 285 5 6.5
 286 6.5 6.5
 288 8.5 7
 289 4.5 7.5
 290 8 8.5
 292 6 6.5
 293 6.5 9.5
 294 5.5 7.5
 295 6 6.5
 297 6.5 5.5
 298 9.5 9.5
 300 5.5 9.5
# name: Error_total
# type: scalar
0.5664514644350643
# name: size_EstimatedCoordinates_row
# type: scalar
100
