# Created by Octave 2.9.13, Sat Oct 20 05:32:37 2007 EDT <eagblanc@wha153>
# name: Estimatedcoordinates
# type: matrix
# rows: 110
# columns: 3
 106 4.75 2.5
 109 1.75 4.5
 110 2 1.5
 111 1.5 2.5
 113 4 4.5
 115 2.5 3.5
 122 3.5 3.5
 123 1.5 3.5
 124 3.5 4.5
 127 1.5 4.5
 128 1.5 1.5
 129 3.5 4.5
 131 2.25 1.75
 132 3.5 4.5
 133 2.5 2.5
 135 4.5 4.5
 138 3.5 3.25
 142 4.25 3.25
 149 4.5 5.5
 154 1.5 8.5
 156 4.5 7
 158 1.5 9.5
 159 3 8.5
 163 2.25 7.75
 166 3.5 5.5
 167 4 5.5
 168 3.5 8.5
 169 2.5 8.5
 171 3.5 7.5
 172 2.5 9
 174 2 7.5
 175 4 8.5
 176 4 7.5
 178 3.5 5.5
 179 2.5 7.5
 180 4.5 6.5
 181 1.5 9
 183 3.5 7.5
 186 3.833333333333333 6.833333333333333
 187 3 7.5
 190 3.5 6.5
 192 4.5 5.5
 194 2.5 8.5
 195 2.5 7.5
 199 2.5 5.5
 203 6.5 4.5
 204 9.5 3.5
 206 5 3.5
 207 7 4.5
 208 5.5 2.5
 211 6.5 4.5
 212 9.5 3.5
 213 8.5 1.5
 214 8.5 4
 215 7 2.5
 217 5.75 1.75
 219 6.5 2.5
 220 7.5 3.5
 221 5 1.5
 222 7.5 5.5
 224 8.5 1.5
 225 8.5 3.5
 227 5.5 2.5
 229 8.9 3.9
 230 9.5 4.5
 231 5.5 1.5
 233 5.5 4.5
 234 9 1.5
 235 8.75 4.25
 236 6 4.5
 237 5 3.5
 238 4.5 1.5
 239 4.5 1.5
 242 6 3.5
 243 5.5 4.5
 244 6 2.5
 247 4.5 2.5
 249 6.5 3.5
 250 9.5 5.5
 251 4.833333333333333 7
 255 7.5 7.5
 256 5.5 9.5
 257 7.5 7.5
 258 9.5 8.5
 259 8.5 7.5
 266 5.75 6.75
 267 6.5 6.5
 268 8.5 5.5
 269 5.5 5.5
 271 8.5 5.5
 272 5.5 8.5
 273 6 6.25
 274 6.5 5.5
 275 5.5 5.5
 276 5.5 5.5
 277 6.5 7.5
 278 6.5 6.5
 279 6.5 8.5
 280 9.1 7.1
 283 9.5 7.5
 285 8.5 6.5
 286 5.25 5.5
 287 8.5 7
 288 6.5 9.5
 289 9.5 8.5
 292 9.5 5.5
 295 7.5 5
 296 9.5 5
 297 5.5 5.5
 298 6.5 5.5
# name: Error_total
# type: scalar
0.5876817488258922
# name: size_EstimatedCoordinates_row
# type: scalar
110
