# Created by Octave 2.9.13, Thu Oct 25 22:47:00 2007 EDT <eagblanc@wha324>
# name: Estimatedcoordinates
# type: matrix
# rows: 78
# columns: 3
 102 3.5 2.5
 103 2.5 3.5
 104 2.5 3.5
 110 1.5 4.5
 111 1.5 4.5
 116 3.5 3.5
 118 2.5 4.5
 119 4.5 4.5
 122 4.5 4.5
 123 2.5 3.5
 124 1.5 5
 125 3.5 4.5
 126 1.5 3.5
 129 4.5 1.5
 133 2 1.5
 142 2.5 4
 143 3.5 1.5
 144 1.5 2.5
 146 1.5 4.5
 148 4.25 4.5
 151 3.5 7
 153 2.5 9.5
 157 3.5 7.5
 158 3.5 9.5
 160 3.5 4.5
 162 1.75 5.5
 164 3.5 5.5
 168 4.5 8.5
 171 5 8.5
 174 1.5 9.5
 177 1.5 5.5
 178 1.75 4.75
 179 3.5 6.5
 181 3 5.5
 182 2.5 9
 185 4 6.5
 191 4.5 7.5
 194 1.5 9.5
 195 5.5 7.5
 196 4.5 5.5
 198 5 7.833333333333333
 203 8.5 4.5
 205 6.5 4
 207 5.5 4.5
 209 8.5 2.5
 218 5.5 4.5
 220 7.5 1.5
 226 7.5 1.5
 227 6.5 3.5
 231 8.5 4.5
 236 9.5 3.5
 239 9.5 2.5
 242 9 1.5
 250 7.5 4
 251 7 7.75
 259 6.5 7.5
 260 8.25 9.25
 263 7.5 6.5
 266 6.5 6.5
 269 5.5 7.5
 271 9.5 8.5
 273 7.833333333333333 7
 274 6.5 7.5
 276 5 8.5
 280 8 9.5
 281 5 9.5
 282 6 7.5
 283 9.5 7.5
 285 6.833333333333333 7.833333333333333
 287 9 5.5
 290 8.5 9.5
 291 8.5 6.5
 293 8.5 6.5
 296 7.5 9
 297 5.5 9
 298 8.5 7.5
 299 6.5 6.5
 300 8.5 8.5
# name: Error_total
# type: scalar
0.5931125203492746
# name: size_EstimatedCoordinates_row
# type: scalar
78
