# Created by Octave 2.9.13, Sat Oct 20 06:07:47 2007 EDT <eagblanc@wha275>
# name: Estimatedcoordinates_tot
# type: matrix
# rows: 179
# columns: 3
 106 4.75 2.5
 109 1.75 4.5
 110 2 1.5
 111 1.5 2.5
 113 4 4.5
 115 2.5 3.5
 122 3.5 3.5
 123 1.5 3.5
 124 3.5 4.5
 127 1.5 4.5
 128 1.5 1.5
 129 3.5 4.5
 131 2.25 1.75
 132 3.5 4.5
 133 2.5 2.5
 135 4.5 4.5
 138 3.5 3.25
 142 4.25 3.25
 149 4.5 5.5
 154 1.5 8.5
 156 4.5 7
 158 1.5 9.5
 159 3 8.5
 163 2.25 7.75
 166 3.5 5.5
 167 4 5.5
 168 3.5 8.5
 169 2.5 8.5
 171 3.5 7.5
 172 2.5 9
 174 2 7.5
 175 4 8.5
 176 4 7.5
 178 3.5 5.5
 179 2.5 7.5
 180 4.5 6.5
 181 1.5 9
 183 3.5 7.5
 186 3.833333333333333 6.833333333333333
 187 3 7.5
 190 3.5 6.5
 192 4.5 5.5
 194 2.5 8.5
 195 2.5 7.5
 199 2.5 5.5
 203 6.5 4.5
 204 9.5 3.5
 206 5 3.5
 207 7 4.5
 208 5.5 2.5
 211 6.5 4.5
 212 9.5 3.5
 213 8.5 1.5
 214 8.5 4
 215 7 2.5
 217 5.75 1.75
 219 6.5 2.5
 220 7.5 3.5
 221 5 1.5
 222 7.5 5.5
 224 8.5 1.5
 225 8.5 3.5
 227 5.5 2.5
 229 8.9 3.9
 230 9.5 4.5
 231 5.5 1.5
 233 5.5 4.5
 234 9 1.5
 235 8.75 4.25
 236 6 4.5
 237 5 3.5
 238 4.5 1.5
 239 4.5 1.5
 242 6 3.5
 243 5.5 4.5
 244 6 2.5
 247 4.5 2.5
 249 6.5 3.5
 250 9.5 5.5
 251 4.833333333333333 7
 255 7.5 7.5
 256 5.5 9.5
 257 7.5 7.5
 258 9.5 8.5
 259 8.5 7.5
 266 5.75 6.75
 267 6.5 6.5
 268 8.5 5.5
 269 5.5 5.5
 271 8.5 5.5
 272 5.5 8.5
 273 6 6.25
 274 6.5 5.5
 275 5.5 5.5
 276 5.5 5.5
 277 6.5 7.5
 278 6.5 6.5
 279 6.5 8.5
 280 9.1 7.1
 283 9.5 7.5
 285 8.5 6.5
 286 5.25 5.5
 287 8.5 7
 288 6.5 9.5
 289 9.5 8.5
 292 9.5 5.5
 295 7.5 5
 296 9.5 5
 297 5.5 5.5
 298 6.5 5.5
 104 2 1.5
 105 2 1.5
 107 1.5 2.75
 108 1.5 4
 112 1.5 4.5
 114 1.5 4
 117 4.5 3.5
 118 1.5 4.5
 119 2 1.5
 120 2.5 3
 121 4.5 1.5
 125 3 4.5
 126 2 1.5
 136 5.5 1.5
 137 5 2
 139 1.5 3
 141 2.5 1.5
 144 2.5 3.5
 145 2.5 2.5
 150 1.5 3
 151 3.5 8
 152 3 8.5
 157 2 9
 160 2.5 7
 161 3 7
 162 5.5 5.5
 164 2 9
 165 1.5 8.5
 170 1.5 8.5
 173 3.5 8.5
 177 3.5 4.5
 182 1.5 8
 185 2 8.5
 188 4 7
 189 5.5 9.5
 191 1.5 9
 193 1.5 7
 196 1.5 7.5
 197 1.5 5
 198 2.5 5.5
 201 7.5 5
 205 8.5 5
 209 7.5 1.5
 210 9 1.5
 218 6.5 2.5
 226 8.5 3
 228 8 1.5
 232 9 1.5
 240 9.5 3
 241 9.5 2.5
 245 9.25 3.25
 248 6.5 3
 252 9 8.5
 253 6.5 5.5
 254 6 7.5
 261 9 8.5
 262 7.25 7.5
 263 8 9
 264 9 7.5
 265 5 8.5
 270 6.5 9
 281 9 5.5
 282 6.25 9.5
 290 9.5 9
 291 7 8.5
 293 5.5 5.5
 294 5.5 7.5
 299 5.5 9
 300 9 6
# name: Estimatedcoordinates2
# type: matrix
# rows: 69
# columns: 3
 104 2 1.5
 105 2 1.5
 107 1.5 2.75
 108 1.5 4
 112 1.5 4.5
 114 1.5 4
 117 4.5 3.5
 118 1.5 4.5
 119 2 1.5
 120 2.5 3
 121 4.5 1.5
 125 3 4.5
 126 2 1.5
 136 5.5 1.5
 137 5 2
 139 1.5 3
 141 2.5 1.5
 144 2.5 3.5
 145 2.5 2.5
 150 1.5 3
 151 3.5 8
 152 3 8.5
 157 2 9
 160 2.5 7
 161 3 7
 162 5.5 5.5
 164 2 9
 165 1.5 8.5
 170 1.5 8.5
 173 3.5 8.5
 177 3.5 4.5
 182 1.5 8
 185 2 8.5
 188 4 7
 189 5.5 9.5
 191 1.5 9
 193 1.5 7
 196 1.5 7.5
 197 1.5 5
 198 2.5 5.5
 201 7.5 5
 205 8.5 5
 209 7.5 1.5
 210 9 1.5
 218 6.5 2.5
 226 8.5 3
 228 8 1.5
 232 9 1.5
 240 9.5 3
 241 9.5 2.5
 245 9.25 3.25
 248 6.5 3
 252 9 8.5
 253 6.5 5.5
 254 6 7.5
 261 9 8.5
 262 7.25 7.5
 263 8 9
 264 9 7.5
 265 5 8.5
 270 6.5 9
 281 9 5.5
 282 6.25 9.5
 290 9.5 9
 291 7 8.5
 293 5.5 5.5
 294 5.5 7.5
 299 5.5 9
 300 9 6
# name: Error_2
# type: scalar
0.7658308058697831
# name: Error_total
# type: scalar
0.6620560617431354
# name: size_EstimatedCoordinates_row
# type: scalar
69
