# Created by Octave 2.9.13, Fri Oct 19 17:56:57 2007 EDT <eagblanc@wha128>
# name: Estimatedcoordinates_tot
# type: matrix
# rows: 176
# columns: 3
 108 2.5 2.5
 109 4.5 3.5
 110 3 3.5
 111 3.5 3.5
 112 5 2.5
 113 2.5 2.5
 115 4.5 2.5
 116 2 3.5
 119 4.5 1.5
 121 3 2
 124 4.5 1.5
 125 1.5 3
 126 2.5 1.5
 131 4.5 1.5
 132 3.5 3.5
 133 3.5 1.5
 134 2.5 4.5
 136 4 4
 142 4.5 3.5
 144 3.5 2.5
 146 4.5 2.5
 147 3 3.5
 149 1.5 2.5
 150 4.5 3
 151 3.5 9
 153 4.5 6.5
 154 4.5 7
 159 2 7.5
 160 3 5.5
 162 4.5 9.5
 163 1.5 6.5
 164 5 7.5
 165 1.5 8.5
 166 4.5 6
 168 3 6.5
 170 4.5 8.5
 173 4.5 8.5
 174 3.5 6.5
 178 3 5.5
 180 4.5 6
 181 2.5 6.5
 184 2.5 8.5
 186 2.5 8
 187 1.5 7.5
 188 1.5 6
 189 3 6.5
 192 3.25 6.5
 194 4.5 7.5
 197 3.5 9.5
 198 3.5 5.5
 199 5.5 9.5
 200 2 8.5
 201 6.5 1.5
 202 5.5 4.5
 203 6.5 1.5
 208 8.5 1.5
 215 9.5 2
 218 7.5 4.5
 219 5.5 4.5
 221 8.5 1.5
 233 9.5 5.5
 234 6.5 3.5
 236 8 1.5
 238 6.5 3.5
 240 6.5 1.5
 245 9.5 1.5
 246 7.5 4.5
 247 5.5 2.5
 249 7.5 1.5
 253 7.5 8.5
 256 5.5 8.5
 261 8.5 9.5
 262 6.5 5.5
 263 8 8.5
 264 5.5 7.5
 265 5.5 9
 267 9.142857142857142 6
 268 6.5 5
 269 8 7.5
 271 9.5 5.5
 273 7.5 8.5
 274 8.5 5.5
 278 7.5 5.5
 279 7.5 6.5
 280 9.5 8
 281 6.5 7
 282 9.1 5.9
 286 8 8.5
 287 6.5 6.5
 288 9 6.5
 289 9 6.5
 290 8.5 6.5
 291 6.5 7.5
 292 8.5 7.5
 298 9.5 7.5
 300 8.5 6.5
 101 1.5 3.5
 103 5 1.5
 105 2.75 2
 106 2.5 2
 107 2 3.5
 114 3 1.5
 117 2.5 1.5
 120 3.5 1.5
 123 2.5 1.5
 129 3.5 2.5
 135 3.5 4.5
 138 2.5 1.5
 139 1.75 2.5
 140 4 1.5
 141 2.5 2.5
 143 3.5 2
 145 3.5 3
 148 3 3.5
 155 3 7
 158 1.5 5.5
 161 2.5 5.5
 169 2.5 6.5
 171 3.5 6.5
 172 1.5 9
 175 3.5 5.5
 176 1.5 8
 177 3.5 7.5
 179 1.5 7
 182 4.5 8.5
 183 2.25 5.25
 185 1.5 8
 190 3 7.5
 191 2.5 6
 193 3.75 9
 195 2 8.5
 196 1.5 8.5
 204 8 1.5
 206 8 1.5
 207 9.5 2.75
 209 6 4.5
 212 6.5 1.5
 217 5 2.5
 220 8 1.5
 223 6 2.5
 224 8.5 4.5
 225 7.25 4
 226 6.5 2
 227 7.5 3
 228 6 1.5
 230 6 1.5
 231 6 1.5
 232 9.5 2
 235 7.5 1.5
 237 7 4.5
 239 5 1.5
 241 9.5 4.5
 242 9.5 3.5
 243 7 1.5
 244 5.75 2
 248 8 4.5
 251 5.5 7
 252 8.5 5.5
 255 8.5 9
 257 9.5 8.5
 258 8.5 5.5
 259 6 9.5
 260 8.833333333333334 9.333333333333334
 266 7.5 5
 270 6 9
 272 8.5 7
 275 9.5 7
 277 9.25 7.25
 283 8 4.5
 284 4.5 9.5
 285 7.5 7.5
 293 8 9.5
 294 6.5 8
 296 8 6
 297 7.5 9
 299 8 8.5
# name: Estimatedcoordinates2
# type: matrix
# rows: 80
# columns: 3
 101 1.5 3.5
 103 5 1.5
 105 2.75 2
 106 2.5 2
 107 2 3.5
 114 3 1.5
 117 2.5 1.5
 120 3.5 1.5
 123 2.5 1.5
 129 3.5 2.5
 135 3.5 4.5
 138 2.5 1.5
 139 1.75 2.5
 140 4 1.5
 141 2.5 2.5
 143 3.5 2
 145 3.5 3
 148 3 3.5
 155 3 7
 158 1.5 5.5
 161 2.5 5.5
 169 2.5 6.5
 171 3.5 6.5
 172 1.5 9
 175 3.5 5.5
 176 1.5 8
 177 3.5 7.5
 179 1.5 7
 182 4.5 8.5
 183 2.25 5.25
 185 1.5 8
 190 3 7.5
 191 2.5 6
 193 3.75 9
 195 2 8.5
 196 1.5 8.5
 204 8 1.5
 206 8 1.5
 207 9.5 2.75
 209 6 4.5
 212 6.5 1.5
 217 5 2.5
 220 8 1.5
 223 6 2.5
 224 8.5 4.5
 225 7.25 4
 226 6.5 2
 227 7.5 3
 228 6 1.5
 230 6 1.5
 231 6 1.5
 232 9.5 2
 235 7.5 1.5
 237 7 4.5
 239 5 1.5
 241 9.5 4.5
 242 9.5 3.5
 243 7 1.5
 244 5.75 2
 248 8 4.5
 251 5.5 7
 252 8.5 5.5
 255 8.5 9
 257 9.5 8.5
 258 8.5 5.5
 259 6 9.5
 260 8.833333333333334 9.333333333333334
 266 7.5 5
 270 6 9
 272 8.5 7
 275 9.5 7
 277 9.25 7.25
 283 8 4.5
 284 4.5 9.5
 285 7.5 7.5
 293 8 9.5
 294 6.5 8
 296 8 6
 297 7.5 9
 299 8 8.5
# name: Error_2
# type: scalar
0.7530370520202176
# name: Error_total
# type: scalar
0.6562701915633001
# name: size_EstimatedCoordinates_row
# type: scalar
80
