# Created by Octave 2.9.13, Fri Oct 19 22:41:14 2007 EDT <eagblanc@wha686>
# name: Estimatedcoordinates_tot
# type: matrix
# rows: 174
# columns: 3
 104 1.5 4.5
 105 2.5 2.5
 106 3.5 2.75
 110 3.5 4
 113 2.5 2.5
 115 1.5 4
 118 4.5 4
 120 1.5 1.5
 121 3.5 2.5
 123 3.5 2.5
 127 3.5 2.5
 131 1.5 3.5
 132 2.5 1.5
 133 1.5 1.5
 139 2.5 2.5
 140 3.5 4
 142 4.5 1.5
 144 2.5 1.5
 145 1.5 4.5
 147 4.5 1.5
 149 4 3.5
 151 2.5 5.5
 154 2.5 8.5
 156 1.5 6.5
 158 4 7.5
 159 1.5 5.5
 161 3.5 7.5
 162 1.5 7.5
 164 4.5 6.5
 167 4.5 6.5
 168 4.25 6.5
 169 1.5 6.5
 170 3.5 9.5
 171 3.5 4.5
 177 4 6.5
 178 3.5 6.5
 182 2 7.5
 185 3.5 5.5
 187 2 5.5
 190 3.5 5.5
 191 1.5 8.5
 192 2.5 6
 193 2.5 7.5
 195 2.5 7.5
 201 5.5 3.5
 202 5.5 2.5
 205 7.5 4.5
 206 7.5 3.5
 208 7.5 1.5
 210 6 2.5
 212 8.5 3.5
 216 7.5 3.5
 217 6 2.5
 219 5.5 5.5
 222 6.5 4.5
 223 8 2.5
 228 9.5 4.5
 229 8.5 4
 230 6.5 2
 231 4.5 2.5
 234 8.5 3.5
 235 6.5 3.5
 238 8.5 3.5
 240 8.5 4
 241 9.5 4
 242 8 2.5
 246 8 1.5
 247 6.5 2.5
 250 8.5 4.5
 251 5.5 6.5
 252 4.5 8.5
 253 5.5 7
 255 8.5 9.5
 256 6.5 8.5
 257 6 9.5
 258 7.25 5.5
 261 7 5.5
 262 9.5 6.5
 263 6.5 8.5
 264 9.5 6
 268 7 8.5
 270 6.5 5.5
 273 6.5 7.5
 275 5.5 8.5
 277 7.5 5.5
 278 9.5 6.25
 279 8.5 5.5
 281 8.875 6.125
 283 6 8.5
 284 8.5 7.5
 288 6 6.5
 289 8.5 6
 291 5.5 6.5
 298 5.5 5
 299 6.5 9.5
 300 8.5 8.5
 101 1.5 3.5
 102 1.5 2
 108 1.5 2.5
 109 3 1.5
 111 2 1.5
 112 3.5 4
 114 2.5 5.5
 116 2.5 1.5
 117 3.75 1.5
 119 3 1.5
 122 2.5 1.5
 124 3.5 4.5
 125 3.5 1.5
 126 3 2
 128 2.5 3.5
 129 2 1.5
 134 2.5 1.5
 136 2.5 2.5
 141 1.5 3.5
 146 2.75 3.5
 148 4.5 3
 150 2 3.75
 152 3.5 9.5
 153 2 8.5
 155 1.5 9
 163 3 7.5
 172 1.5 7.5
 173 4 6
 174 4.5 7.5
 175 3.5 5.5
 176 1.5 7.75
 179 3.5 9.5
 180 1.5 9
 181 2.75 9.25
 183 5 5.5
 184 2.5 8
 186 3.5 9.5
 188 1.5 8
 189 1.5 6.5
 194 4.5 9.5
 196 2.5 9
 199 1.5 7
 200 1.5 7.5
 203 8 1.5
 207 7 2.5
 211 7.5 1.5
 214 6.5 4.5
 215 7.5 2
 218 8.75 3.5
 220 5 5
 224 5.5 3
 227 9.5 5.5
 232 5 1.5
 233 5.5 2
 237 7.5 1.5
 243 9.5 3
 244 6.5 3
 245 6.5 1.75
 249 6.5 4
 254 5.5 9
 260 9.5 6.5
 265 6.5 5.5
 266 9 6
 267 6.5 9
 269 9 6.5
 271 6.75 8.5
 272 8.5 8.5
 274 8.5 8
 280 9.5 8
 282 9 8.5
 285 8.5 5
 287 6 7.5
 290 6.5 7
 292 6 9.25
 294 6 6.5
 295 7.5 9
 296 6 5.5
 297 5.5 8
# name: Estimatedcoordinates2
# type: matrix
# rows: 78
# columns: 3
 101 1.5 3.5
 102 1.5 2
 108 1.5 2.5
 109 3 1.5
 111 2 1.5
 112 3.5 4
 114 2.5 5.5
 116 2.5 1.5
 117 3.75 1.5
 119 3 1.5
 122 2.5 1.5
 124 3.5 4.5
 125 3.5 1.5
 126 3 2
 128 2.5 3.5
 129 2 1.5
 134 2.5 1.5
 136 2.5 2.5
 141 1.5 3.5
 146 2.75 3.5
 148 4.5 3
 150 2 3.75
 152 3.5 9.5
 153 2 8.5
 155 1.5 9
 163 3 7.5
 172 1.5 7.5
 173 4 6
 174 4.5 7.5
 175 3.5 5.5
 176 1.5 7.75
 179 3.5 9.5
 180 1.5 9
 181 2.75 9.25
 183 5 5.5
 184 2.5 8
 186 3.5 9.5
 188 1.5 8
 189 1.5 6.5
 194 4.5 9.5
 196 2.5 9
 199 1.5 7
 200 1.5 7.5
 203 8 1.5
 207 7 2.5
 211 7.5 1.5
 214 6.5 4.5
 215 7.5 2
 218 8.75 3.5
 220 5 5
 224 5.5 3
 227 9.5 5.5
 232 5 1.5
 233 5.5 2
 237 7.5 1.5
 243 9.5 3
 244 6.5 3
 245 6.5 1.75
 249 6.5 4
 254 5.5 9
 260 9.5 6.5
 265 6.5 5.5
 266 9 6
 267 6.5 9
 269 9 6.5
 271 6.75 8.5
 272 8.5 8.5
 274 8.5 8
 280 9.5 8
 282 9 8.5
 285 8.5 5
 287 6 7.5
 290 6.5 7
 292 6 9.25
 294 6 6.5
 295 7.5 9
 296 6 5.5
 297 5.5 8
# name: Error_2
# type: scalar
0.7710618408594901
# name: Error_total
# type: scalar
0.6574859922670853
# name: size_EstimatedCoordinates_row
# type: scalar
78
