# Created by Octave 2.9.13, Thu Oct 25 19:04:54 2007 EDT <eagblanc@wha189>
# name: Estimatedcoordinates
# type: matrix
# rows: 100
# columns: 3
 101 2.5 3.5
 102 4.5 4
 103 2.5 2.5
 106 3 1.5
 107 3 4.5
 112 2.5 2
 114 4.5 4.5
 116 1.5 1.5
 118 3.25 5
 121 2.5 2.5
 122 4.5 4
 128 2.5 2.75
 131 3 2.5
 135 1.5 3
 140 4.5 4.5
 141 3.5 4.5
 142 1.5 2.5
 145 2.5 4.5
 148 2.5 4
 149 2 2
 150 1.5 1.5
 151 5 8.5
 153 1.5 5
 154 3.5 8.5
 155 2.9 9.1
 156 3 9.5
 157 4.5 8.5
 161 1.5 8
 162 3.5 9
 163 1.5 6.5
 164 4.5 6.5
 172 1.833333333333333 7
 175 1.5 8
 176 2.5 6.5
 177 5 8.5
 181 3 5
 183 1.5 6
 185 4.5 6
 187 3.5 7.5
 189 3.5 5.5
 191 2.5 5.5
 194 4.5 9.5
 195 2.5 4.5
 196 1.5 5.5
 202 7.5 3.5
 203 8.5 3.5
 206 5.5 1.5
 208 5 3.5
 211 6.5 4.5
 212 6.5 4.5
 213 4.5 4.5
 215 5.5 4.5
 217 8.5 5
 218 5.5 2.5
 219 8 1.5
 220 5.5 5
 222 8.5 1.5
 224 5.5 4.5
 225 5.75 1.5
 228 6 3.5
 229 6.5 3
 230 9 4.5
 231 7.5 4.5
 232 7.5 5
 233 7.5 4
 234 7.5 2.5
 235 5 3.5
 236 8.5 3.5
 237 6 3.5
 241 6.5 5.5
 246 8.5 4.5
 248 7.5 4.5
 250 4.5 2.5
 252 6.5 8.5
 255 8 8.666666666666666
 258 9.5 9.5
 260 6.5 8.5
 261 7.5 8.5
 263 8.5 8.5
 265 9.5 8.5
 266 8.5 5.5
 267 9.5 7.5
 269 7 6.5
 270 6.5 6.5
 273 7.5 9
 274 7.5 8.5
 276 7.5 8.5
 278 8.5 8.5
 279 9.5 9.5
 280 8.5 9.5
 282 6.5 7.5
 286 8.5 5.5
 287 8.5 7.5
 292 6.5 5.5
 293 8 8.666666666666666
 294 5.5 7.5
 295 9.5 9.5
 296 6.5 6
 298 7.5 8
 300 8.5 9.5
# name: Error_total
# type: scalar
0.5579025444206442
# name: size_EstimatedCoordinates_row
# type: scalar
100
