# Created by Octave 2.9.13, Thu Oct 25 19:09:48 2007 EDT <eagblanc@wha442>
# name: Estimatedcoordinates_tot
# type: matrix
# rows: 176
# columns: 3
 101 2.5 3.5
 102 4.5 4
 103 2.5 2.5
 106 3 1.5
 107 3 4.5
 112 2.5 2
 114 4.5 4.5
 116 1.5 1.5
 118 3.25 5
 121 2.5 2.5
 122 4.5 4
 128 2.5 2.75
 131 3 2.5
 135 1.5 3
 140 4.5 4.5
 141 3.5 4.5
 142 1.5 2.5
 145 2.5 4.5
 148 2.5 4
 149 2 2
 150 1.5 1.5
 151 5 8.5
 153 1.5 5
 154 3.5 8.5
 155 2.9 9.1
 156 3 9.5
 157 4.5 8.5
 161 1.5 8
 162 3.5 9
 163 1.5 6.5
 164 4.5 6.5
 172 1.833333333333333 7
 175 1.5 8
 176 2.5 6.5
 177 5 8.5
 181 3 5
 183 1.5 6
 185 4.5 6
 187 3.5 7.5
 189 3.5 5.5
 191 2.5 5.5
 194 4.5 9.5
 195 2.5 4.5
 196 1.5 5.5
 202 7.5 3.5
 203 8.5 3.5
 206 5.5 1.5
 208 5 3.5
 211 6.5 4.5
 212 6.5 4.5
 213 4.5 4.5
 215 5.5 4.5
 217 8.5 5
 218 5.5 2.5
 219 8 1.5
 220 5.5 5
 222 8.5 1.5
 224 5.5 4.5
 225 5.75 1.5
 228 6 3.5
 229 6.5 3
 230 9 4.5
 231 7.5 4.5
 232 7.5 5
 233 7.5 4
 234 7.5 2.5
 235 5 3.5
 236 8.5 3.5
 237 6 3.5
 241 6.5 5.5
 246 8.5 4.5
 248 7.5 4.5
 250 4.5 2.5
 252 6.5 8.5
 255 8 8.666666666666666
 258 9.5 9.5
 260 6.5 8.5
 261 7.5 8.5
 263 8.5 8.5
 265 9.5 8.5
 266 8.5 5.5
 267 9.5 7.5
 269 7 6.5
 270 6.5 6.5
 273 7.5 9
 274 7.5 8.5
 276 7.5 8.5
 278 8.5 8.5
 279 9.5 9.5
 280 8.5 9.5
 282 6.5 7.5
 286 8.5 5.5
 287 8.5 7.5
 292 6.5 5.5
 293 8 8.666666666666666
 294 5.5 7.5
 295 9.5 9.5
 296 6.5 6
 298 7.5 8
 300 8.5 9.5
 104 1.5 2
 109 2.5 4
 110 1.5 2.5
 113 2.5 2
 119 1.5 3
 124 2 3.5
 125 1.5 3
 126 2.75 1.5
 130 3 4.5
 133 2 3.25
 134 1.5 2.5
 137 2 4
 138 1.5 2
 139 2 1.5
 143 3.5 2.5
 144 5 3.5
 146 4 5
 147 2.5 1.5
 152 4.5 7
 158 5 8.5
 159 3.5 8
 160 1.5 7.5
 167 1.5 6.5
 168 1.5 8.5
 169 2.5 6
 171 1.5 9
 173 1.5 6
 174 4 4.5
 179 2.5 8.5
 180 1.5 8
 182 1.5 7.5
 184 1.5 8.75
 188 3.5 8.5
 190 1.5 5.5
 192 4 9.5
 193 4.75 7
 197 1.5 8
 198 1.5 6
 199 2.5 5.5
 204 6.5 1.5
 205 7 2.5
 207 6 1.5
 209 7.5 1.5
 214 6.5 3.5
 216 8.5 4.5
 221 8.5 1.5
 223 8.5 1.5
 226 6 2.5
 227 6.5 3
 238 9.25 1.5
 240 6.5 4.5
 242 9 4.5
 244 6.5 2.5
 249 9 4.5
 251 4.5 9
 253 7.5 4.5
 254 4.5 8.75
 256 6 4.5
 257 7.5 7.5
 259 7.5 8.5
 262 8.5 9
 264 7.5 8.5
 268 8.5 6.5
 271 8.5 7.5
 272 5.5 8
 275 7.5 6.5
 281 7.5 9
 283 6.25 7.25
 284 7 5.5
 285 8.5 8.5
 288 7.5 9
 289 5.5 8.5
 290 9 7.5
 291 6 9
 297 8.5 4
 299 7.5 5
# name: Estimatedcoordinates2
# type: matrix
# rows: 76
# columns: 3
 104 1.5 2
 109 2.5 4
 110 1.5 2.5
 113 2.5 2
 119 1.5 3
 124 2 3.5
 125 1.5 3
 126 2.75 1.5
 130 3 4.5
 133 2 3.25
 134 1.5 2.5
 137 2 4
 138 1.5 2
 139 2 1.5
 143 3.5 2.5
 144 5 3.5
 146 4 5
 147 2.5 1.5
 152 4.5 7
 158 5 8.5
 159 3.5 8
 160 1.5 7.5
 167 1.5 6.5
 168 1.5 8.5
 169 2.5 6
 171 1.5 9
 173 1.5 6
 174 4 4.5
 179 2.5 8.5
 180 1.5 8
 182 1.5 7.5
 184 1.5 8.75
 188 3.5 8.5
 190 1.5 5.5
 192 4 9.5
 193 4.75 7
 197 1.5 8
 198 1.5 6
 199 2.5 5.5
 204 6.5 1.5
 205 7 2.5
 207 6 1.5
 209 7.5 1.5
 214 6.5 3.5
 216 8.5 4.5
 221 8.5 1.5
 223 8.5 1.5
 226 6 2.5
 227 6.5 3
 238 9.25 1.5
 240 6.5 4.5
 242 9 4.5
 244 6.5 2.5
 249 9 4.5
 251 4.5 9
 253 7.5 4.5
 254 4.5 8.75
 256 6 4.5
 257 7.5 7.5
 259 7.5 8.5
 262 8.5 9
 264 7.5 8.5
 268 8.5 6.5
 271 8.5 7.5
 272 5.5 8
 275 7.5 6.5
 281 7.5 9
 283 6.25 7.25
 284 7 5.5
 285 8.5 8.5
 288 7.5 9
 289 5.5 8.5
 290 9 7.5
 291 6 9
 297 8.5 4
 299 7.5 5
# name: Error_2
# type: scalar
0.768227070900644
# name: Error_total
# type: scalar
0.6570364775331389
# name: size_EstimatedCoordinates_row
# type: scalar
76
