# Created by Octave 2.9.13, Tue Oct 02 15:27:54 2007 EDT <eagblanc@dol24>
# name: Error_total
# type: scalar
1.718101270783884
# name: size_EstimatedCoordinates_row
# type: scalar
34
