# Created by Octave 2.9.13, Tue Oct 02 17:19:43 2007 EDT <eagblanc@dol24>
# name: Error_total
# type: scalar
1.942086639805655
# name: size_EstimatedCoordinates_row
# type: scalar
22
