# Created by Octave 2.9.13, Tue Oct 02 13:23:58 2007 EDT <eagblanc@dol24>
# name: Error_total
# type: scalar
1.53786585670053
# name: size_EstimatedCoordinates_row
# type: scalar
33
