# Created by Octave 2.9.13, Tue Oct 02 12:56:35 2007 EDT <eagblanc@dol24>
# name: Error_total
# type: scalar
1.911384675813182
# name: size_EstimatedCoordinates_row
# type: scalar
24
