# Created by Octave 2.9.13, Tue Oct 02 16:29:54 2007 EDT <eagblanc@dol24>
# name: Error_total
# type: scalar
2.020616808882025
# name: size_EstimatedCoordinates_row
# type: scalar
22
