# Created by Octave 2.9.13, Tue Oct 02 14:24:34 2007 EDT <eagblanc@dol17>
# name: Error_total
# type: scalar
1.553239992713563
# name: size_EstimatedCoordinates_row
# type: scalar
35
