# Created by Octave 2.9.13, Tue Oct 02 16:00:52 2007 EDT <eagblanc@dol24>
# name: Error_total
# type: scalar
1.366869269033667
# name: size_EstimatedCoordinates_row
# type: scalar
37
