# Created by Octave 2.9.13, Tue Oct 02 16:58:12 2007 EDT <eagblanc@dol24>
# name: Error_total
# type: scalar
1.632479851160596
# name: size_EstimatedCoordinates_row
# type: scalar
32
