# Created by Octave 2.9.13, Tue Oct 02 13:49:56 2007 EDT <eagblanc@dol24>
# name: Error_total
# type: scalar
1.600407351555434
# name: size_EstimatedCoordinates_row
# type: scalar
27
