# Created by Octave 2.9.13, Tue Oct 02 14:55:22 2007 EDT <eagblanc@dol24>
# name: Error_total
# type: scalar
1.984198327760269
# name: size_EstimatedCoordinates_row
# type: scalar
33
