# Created by Octave 2.9.13, Thu Oct 18 21:16:06 2007 EDT <eagblanc@wha563>
# name: Estimatedcoordinates
# type: matrix
# rows: 152
# columns: 3
 121 5 3.5
 122 4.5 2.75
 123 2.5 0.5
 124 1.5 1.5
 125 2.5 3
 126 0.875 3.125
 128 0.5 1.5
 129 1.75 0.75
 131 1.5 4
 132 1.5 2
 133 1 2.5
 134 3.833333333333333 4.166666666666667
 135 4 2.5
 136 5.375 2.375
 137 1.75 2.5
 138 2.5 2
 139 2.5 3.5
 140 2.75 3.25
 141 2 1
 142 2 3.75
 143 2 2.5
 146 1.5 1.5
 147 1.666666666666667 0.8333333333333334
 148 4.5 2.5
 150 3.5 1.5
 151 2.5 4.5
 152 4.5 4
 154 4 4
 155 5 3
 156 1 1.5
 157 3.75 2.25
 158 3.75 2.25
 159 2.5 1
 160 4 4.5
 161 2 1.5
 162 1 1.5
 163 3 3.25
 165 4 1.625
 166 1.5 1.5
 167 0.6666666666666666 5
 168 2 2.5
 169 2 1
 170 5 3
 172 4.5 7
 174 5 7
 176 1 7
 177 2.5 6.5
 178 0.75 9
 179 4.75 5.5
 182 2.25 7.25
 183 5 6
 184 2 8
 185 4.5 8.800000000000001
 186 2.5 6.5
 187 0.5 7
 189 0.6666666666666666 6.5
 191 5 6.5
 192 4.25 8.125
 193 2 5.5
 194 3 6
 195 2.166666666666667 8.166666666666666
 196 4.5 7
 198 2.125 5.125
 199 1.5 8.5
 201 3 5.5
 203 0.75 9
 204 2.5 5.25
 205 1 6
 206 1.5 8
 208 0.5 5
 209 3 6.5
 212 4 4.5
 213 1.5 5.5
 214 3.5 7.5
 215 0.75 5.5
 216 4.714285714285714 8.571428571428571
 217 1.5 9
 218 4.25 8
 219 1.5 6
 220 2.5 7.5
 221 5.5 3
 222 5.5 5
 223 7 2
 225 6.125 3.5
 226 8 3
 227 8 1.25
 232 6 1.5
 233 6 3.5
 235 4.5 1.5
 236 8 2.5
 242 5.5 1.5
 243 7.75 2.75
 244 8.75 4.25
 245 7 2
 246 8.5 2
 247 7.5 2
 248 7.5 1.5
 249 5.5 2.5
 250 5 3.5
 251 7 5
 252 7.5 4.5
 253 6.5 2
 254 4.5 5
 255 6 1.5
 256 6.75 2.25
 260 8 4.5
 261 7.5 4.5
 262 4.5 2
 263 7.5 1
 265 8 3.75
 266 6 2
 267 7.5 2.5
 269 7 3.5
 271 5.5 7
 272 6 6
 273 6.5 8
 274 6 8
 275 7.75 9
 277 7 8
 278 9 8.25
 280 7 9.5
 281 8 8.5
 284 9.5 7
 285 6.5 9
 287 7.833333333333333 6.5
 288 6.5 7
 290 6 8.5
 291 7.75 8.25
 292 9 6.833333333333333
 293 5.5 8.5
 294 7.5 6
 296 7.75 9
 297 8 6.5
 299 6 6
 300 8.166666666666666 5
 301 6.5 9
 302 9 7.5
 305 5 6
 306 7 9
 307 8.5 9.5
 308 8 7.5
 309 5.5 6
 310 8.5 7.5
 311 6.5 6.4
 312 7 9.25
 313 6.5 7
 314 8 6
 315 8 8.5
 316 6 8.5
 317 6.5 7.5
 319 6.25 4.75
 320 9 7.25
# name: Error_total
# type: scalar
0.7322447111999526
# name: size_EstimatedCoordinates_row
# type: scalar
152
