# Created by Octave 2.9.13, Thu Oct 18 15:01:13 2007 EDT <eagblanc@dol32>
# name: Estimatedcoordinates
# type: matrix
# rows: 152
# columns: 3
 121 3.5 3.5
 124 4.5 1.5
 125 2 0.75
 126 2 1.5
 127 5 1
 128 0.5 2
 130 3.5 2
 131 0.9 1.3
 132 1.5 5
 133 1 5.5
 135 5.5 4
 136 1.5 4
 137 2.5 0.5
 138 2 4
 139 1 3
 140 2.5 5
 141 4.75 2.5
 142 1.75 2.5
 144 0.75 4
 145 4.5 3.5
 146 3.166666666666667 1.166666666666667
 147 1.5 1
 148 2.75 5.25
 149 2.75 4.75
 150 2 4
 151 2.5 2.5
 152 3 3
 153 1.75 3.75
 155 2 2.5
 156 1 2.5
 157 4 1
 159 1.666666666666667 0.8333333333333334
 160 1.75 2
 163 2 4
 164 3.25 1
 165 1 6
 166 5.5 1.5
 167 2.166666666666667 1.833333333333333
 168 1 2.5
 169 5.5 4.5
 170 4.5 3
 172 3.5 7.75
 173 2.5 6.5
 174 4 9.5
 175 1.75 4.75
 176 5.25 8
 177 1 6
 178 5 7.5
 179 1 6.5
 180 2 6.5
 181 3.5 9.5
 182 1 7.5
 183 3 7.5
 184 3 8.5
 185 1.5 7.5
 186 2.5 9
 187 2.5 7.25
 188 2.5 9.25
 189 1.5 9
 191 4.5 7.5
 192 0.5 6.5
 194 2 5.5
 199 5 7.166666666666667
 200 3 8
 201 3.5 8
 202 2 5.5
 203 2.25 4.5
 204 5.25 7.75
 205 5 8.5
 207 4.5 7
 209 4 8
 210 1 7.7
 211 4 7.666666666666667
 212 1.25 8.25
 213 2 6.25
 214 3 7.5
 216 1.5 5
 219 1.25 7.5
 220 2.5 6
 222 4.5 2.5
 223 7 1.25
 224 8.5 2
 225 7.5 3.5
 226 8.75 2.75
 227 9 3.25
 230 6 2
 232 6.5 3.5
 233 6.5 2.25
 234 8 1.5
 236 4.75 4
 237 8.833333333333334 3.333333333333333
 239 7 3
 240 7.25 3.75
 242 5.75 2.75
 243 7.5 3.5
 244 7.5 4
 245 6.5 3.5
 246 6.75 2
 247 6 1.5
 252 5.166666666666667 3.333333333333333
 254 8 4.5
 255 7 4.5
 257 6 2.5
 258 6 4
 259 5.5 3.5
 260 5 2.5
 262 8 3.5
 263 7 4.5
 264 6.5 2
 266 6.5 4
 267 7.25 1
 268 5 1
 270 8.5 3.5
 271 6 4.75
 272 6.5 8.5
 273 8 7.75
 274 8.75 5.75
 276 6 8.5
 278 8.75 4.5
 279 5 7.5
 280 7 9
 281 9.5 8
 282 9.5 9
 283 7.166666666666667 5.5
 284 7 6.5
 285 8 7.5
 286 8 7
 287 8 5.5
 289 6.25 7.75
 290 5.5 6
 291 8.5 6.75
 295 8.5 7
 296 8.5 6.25
 297 9 9
 298 6.25 9.25
 299 6.5 8
 301 9.5 8.5
 302 6.5 6.5
 303 8 7.5
 305 9.199999999999999 7.6
 306 8 7
 307 8.5 5.5
 308 7 7.5
 310 6.5 5
 311 6.5 6.5
 312 8.25 6
 314 6.75 7.5
 315 7 7
 316 6.5 8.5
 318 9.5 7.75
 319 8.25 7
 320 6 7.5
# name: Error_total
# type: scalar
0.7497017464632938
# name: size_EstimatedCoordinates_row
# type: scalar
152
