# Created by Octave 2.9.13, Thu Oct 18 23:22:36 2007 EDT <eagblanc@wha88>
# name: Estimatedcoordinates
# type: matrix
# rows: 147
# columns: 3
 121 4 1
 124 3.5 3
 126 1 1.5
 127 4 2
 128 1.5 3.5
 129 1.5 3.5
 133 1 1.5
 135 2.75 1.5
 137 2.5 3.5
 138 1.5 3
 140 1.5 2
 141 2.75 2.5
 144 5 1.625
 145 2.666666666666667 1.666666666666667
 146 2.75 0.75
 147 2 0.5
 148 4 2
 153 2 1
 154 4.5 4.5
 155 3.5 1.5
 156 3.5 5
 158 1.5 2
 159 1 3
 160 4.5 3.5
 161 4 4
 162 2.5 3.25
 163 1.5 1.5
 164 2 2.5
 165 4.5 4
 166 3.5 3.5
 168 4 5
 169 2.5 3
 170 1.25 2.5
 172 4 8.5
 173 1.5 6.75
 175 1.5 8.25
 176 3.5 6.5
 178 1.5 8.5
 179 4.75 6
 183 2 6
 184 1.333333333333333 8.333333333333334
 186 2 7.5
 187 2.5 6
 188 2 7.5
 189 4.5 9.5
 190 5.5 8.5
 191 2.5 8.5
 192 4 6
 193 3.75 7.5
 194 1 5.5
 195 1.833333333333333 6.666666666666667
 196 4 6.25
 198 1.5 6
 199 3.5 9.5
 200 2 7
 201 5 7
 202 3.5 6.5
 204 4.5 9
 206 2.5 6.5
 207 4.5 8.5
 208 4.5 5.5
 211 3 5.5
 212 3.5 9
 213 3 6
 216 4 9.5
 218 3.5 5.5
 220 2 6.5
 221 4.5 1
 223 8.75 1.75
 224 5.25 1.5
 225 7.5 4.75
 228 8 2
 229 8 4.5
 230 6.5 3.5
 231 7.666666666666667 4.666666666666667
 232 8 2.5
 234 8.5 3.5
 235 8.5 2.5
 236 8.5 2.5
 237 6 1.5
 238 5 2
 239 7 1.5
 240 8.5 5
 241 7.5 1
 242 6.5 2.5
 243 6 2.5
 244 7 1.75
 245 5.5 1.5
 246 8.5 3.333333333333333
 247 5 2
 248 8.5 5
 249 8 3.2
 251 6.5 5.25
 252 8.5 3
 254 5.5 1.5
 255 6.5 2
 256 6.5 5.5
 257 8.5 2.5
 258 6 2.5
 260 6 2
 262 5.75 1
 263 5.5 3
 264 8.5 4.25
 266 8 0.5
 267 7 2
 268 7.5 0.75
 270 7.5 2.5
 271 5.5 7.5
 272 8.5 5
 273 5.5 7.5
 274 4.5 9.5
 275 7 5.5
 276 4.5 5
 277 6.5 7
 278 7.75 8
 279 8.833333333333334 6.666666666666667
 280 5.5 6.5
 281 9.5 8
 282 8.75 8.25
 283 8 5.5
 284 5.5 7.25
 285 8.5 5
 286 8.5 8
 287 8.5 7.5
 289 9 8.5
 290 9 9
 291 9 7
 292 8.5 8
 294 5 5.5
 296 6 8
 297 6 7
 299 4 9
 301 8.5 7.5
 303 6 5.5
 306 8 6
 307 5.5 8
 308 5.5 9
 309 8.25 8.75
 310 8.5 6
 311 7.25 8.5
 312 5.5 6.75
 313 4.5 8.5
 314 5.75 8.25
 316 7 6
 317 9 7
 319 8.5 8.5
 320 5.5 7
# name: Error_total
# type: scalar
0.7681276379583298
# name: size_EstimatedCoordinates_row
# type: scalar
147
