# Created by Octave 2.9.13, Thu Oct 18 16:54:41 2007 EDT <eagblanc@wha601>
# name: Estimatedcoordinates
# type: matrix
# rows: 147
# columns: 3
 121 5 3
 122 1.25 4
 123 4 1.5
 124 4.5 2.5
 125 3.5 1
 126 0.75 4
 127 3 2.25
 128 2.166666666666667 2.666666666666667
 129 1.5 2.5
 131 3.75 4
 132 1 4.5
 134 1 5
 135 2.5 2
 136 4 2
 139 3.5 2
 140 5 3
 141 3.5 1
 142 2 5.5
 143 1.75 4.75
 144 4.5 0.5
 147 5.5 3.5
 148 1.5 4
 151 1 3.5
 152 1 4.5
 153 4.25 1.5
 154 3.75 3.25
 155 4.5 0.5
 156 0.75 4.5
 158 1.5 5
 160 3 4.75
 161 3.5 1
 162 5.5 1
 163 1.5 4.75
 165 2 2.5
 166 1 4.5
 167 2 5.5
 168 2.5 2
 171 4 8
 172 3.5 8.5
 173 3 9
 174 3.5 5.5
 175 1.5 6.25
 176 2.5 6
 177 1.5 7.5
 179 2.25 5.25
 180 3.25 6.75
 181 0.875 5.75
 182 4 9.5
 184 2.5 7.5
 185 3.5 7
 186 1.5 7
 187 3.5 6.5
 192 4 6.5
 193 2 9.25
 194 1.75 8.5
 195 4 9
 197 3.5 7.25
 198 1.25 6.75
 200 4 9
 202 4.5 5.75
 203 1.5 7.5
 204 3.25 9.5
 205 3 5
 206 3 9
 207 4 5.5
 208 4.75 9
 209 2.5 7.5
 210 1.5 7
 211 2.5 7
 213 2.25 8.75
 214 4.75 9.5
 216 2.5 6.5
 217 2.75 6.625
 218 2.25 8.25
 219 3.5 8.5
 221 8.75 1.75
 224 8.642857142857142 5.285714285714286
 225 8 0.5
 226 9 2.25
 227 5.5 1.5
 228 7 3
 229 5.5 2.5
 230 8 0.5
 231 7 5.5
 232 7 3.5
 233 5 1
 234 9 1
 235 5.5 1.5
 236 8 1.5
 237 5.5 2
 239 6.5 4.25
 240 5.5 3.5
 241 4.5 1
 242 6.5 1.75
 243 6.5 3.5
 244 6 3.5
 246 7.5 4.5
 248 8.5 5
 249 7 3.5
 250 8.5 0.75
 251 8.5 2.5
 252 5 2
 253 6 1.5
 254 8.5 1
 255 8.5 3.5
 256 5.5 3.5
 257 7.5 2
 259 7.5 0.75
 260 7 3.5
 261 8.75 1.25
 262 6.5 2.5
 263 8.25 1.5
 264 7.5 1.5
 265 8 5
 266 7 2
 267 5.5 2
 268 6.5 1
 269 8.5 2.5
 270 5 3
 271 6.625 8.125
 272 7.5 4.5
 273 9 7
 274 5.833333333333333 8.5
 275 6.5 9
 276 9.25 8.5
 277 8 7
 279 8.5 6.5
 280 9 8
 281 5.5 6
 285 8.75 6
 292 5.75 9.25
 293 8 6
 294 8 6
 295 9.5 6.5
 297 8 5.5
 303 5.5 9
 304 5.666666666666667 6.166666666666667
 305 6.25 6.25
 310 9 7.75
 311 5 7
 314 9 7
 315 6.5 7.75
 316 8.5 7.5
 317 5.75 6.5
 318 9 7.5
 319 7 6.25
 320 5.666666666666667 7.916666666666667
# name: Error_total
# type: scalar
0.7180499072874501
# name: size_EstimatedCoordinates_row
# type: scalar
147
