# Created by Octave 2.9.13, Thu Oct 18 12:14:31 2007 EDT <eagblanc@dol32>
# name: Estimatedcoordinates
# type: matrix
# rows: 147
# columns: 3
 121 1 1.75
 122 4.5 0.5
 124 1 2.5
 125 2.5 3.5
 127 1 2.5
 128 1 3.5
 129 2 2.25
 131 0.5 4.5
 132 1.5 2
 134 5.5 3.5
 135 1 2.5
 136 2 3.5
 137 5 5.5
 139 5 0.5
 140 1 3
 141 4.5 3.5
 142 1 2.5
 143 1.75 1.5
 144 2 3.5
 145 3.5 3
 147 4 3
 148 2.5 1.75
 149 3 3
 150 1 3.5
 151 3.5 3.5
 152 4 3
 153 3.5 2.5
 154 3.5 3
 156 4.25 4.5
 158 1 2
 159 4 3.5
 161 1 2
 162 3.5 3
 165 3.5 3.5
 166 1.5 2.5
 167 1.5 4.25
 168 3.375 1.875
 170 2.25 4
 172 0.5 9
 173 2.25 8.5
 174 1 5.5
 177 0.5 9.5
 178 2.75 7.5
 179 5.5 8
 180 4.5 7.5
 181 2.666666666666667 6.833333333333333
 184 5.5 7
 185 3.25 6.5
 186 4 7
 188 3.5 8
 190 4.5 8.5
 191 2.666666666666667 6.833333333333333
 192 4.5 8.5
 193 5.5 7.5
 194 4.5 9
 195 0.5 9.5
 197 1.5 9
 201 1 9
 202 1 9.5
 203 3.833333333333333 9
 204 4 7
 205 4 8.5
 206 4.5 6.5
 208 4 6.5
 211 4.5 7
 212 3.5 8
 214 1 9.5
 215 4 8
 216 5 8
 217 3 7.5
 218 4.5 6
 219 0.75 4.5
 220 1.75 8.5
 221 8.5 3
 222 7.5 5.5
 223 8.5 3
 224 9.5 2
 225 8.5 5.125
 227 9.5 2
 228 6.666666666666667 4.333333333333333
 229 6.75 3.5
 230 8.5 5
 231 6.5 4.5
 232 9.5 1.5
 233 9.5 4
 234 5 4.5
 235 5 1.75
 236 8 5.5
 238 9 2
 239 7.5 4
 240 6.25 3.5
 242 9.5 2.5
 244 8 4.5
 245 7.5 3.5
 247 5.25 3
 248 8 4
 249 8.5 2
 251 8 4
 252 4.5 1
 253 5 1.333333333333333
 254 8.5 2.5
 255 8.5 1.5
 256 8 2
 257 9 2
 258 9 2
 259 5.5 3
 260 9.5 2.5
 261 9 3
 262 8 3.5
 263 6.25 3
 265 8 3.5
 267 6.5 4.5
 268 9 2.5
 270 5 0.5
 272 7.25 7
 273 8.5 9.5
 274 8.666666666666666 6.833333333333333
 276 5.5 7.5
 278 7 6.5
 280 6 6.5
 282 5.5 5.5
 283 8.5 8.5
 284 5.5 7
 286 6.5 6
 287 4.75 6.75
 288 6 6.5
 289 7.5 6
 290 6 7.5
 293 7.5 6.5
 295 8 9.5
 299 6.25 6.5
 300 7 5
 301 8.5 9
 304 7.5 7.5
 305 8 8.5
 306 8.5 7
 307 6 6
 308 7.5 9
 310 6 5.5
 311 7 7.75
 313 6.5 7
 314 8.25 6.75
 315 8.5 7.166666666666667
 316 7 5.5
 317 5 8.666666666666666
 318 8.75 6.5
 320 8.5 6
# name: Error_total
# type: scalar
0.7875186386461788
# name: size_EstimatedCoordinates_row
# type: scalar
147
