# Created by Octave 2.9.13, Tue Oct 23 10:08:19 2007 EDT <eagblanc@wha140>
# name: Estimatedcoordinates
# type: matrix
# rows: 148
# columns: 3
 121 0.5 1.5
 122 4.833333333333333 1
 125 2 3.5
 126 4 4
 127 2.5 3.5
 130 1 1.5
 133 1 0.5
 134 1.5 3
 135 3.25 4
 136 3 4.5
 137 4.5 3
 139 1 1
 140 3.5 3
 142 3.5 3.5
 143 3.5 3
 144 0.5 0.5
 145 1.5 1.25
 147 3.5 3.5
 149 4.5 3
 150 3.5 5.5
 151 4 3
 152 3 4.5
 153 4.5 2.5
 154 4 4
 155 3.5 2.5
 156 4.5 3.25
 157 1.5 1
 159 0.5 2
 161 2 2
 163 5 3
 165 4 2.5
 166 0.5 1.5
 167 4.5 3
 168 4.5 4
 169 1 1.5
 170 1 1
 171 2.5 7
 172 1 7.5
 176 5.5 7.5
 178 3.75 9
 179 1 9
 180 3.1 7.7
 182 5 8.5
 183 3 6.5
 185 3.25 5.5
 186 4.5 6.25
 187 0.5 9
 188 1 7
 189 0.75 6.5
 190 3 9
 191 4 9.5
 192 3.833333333333333 4.666666666666667
 195 4 9.5
 196 4.5 7.5
 198 0.5 8.5
 199 0.5 9
 200 5 7.5
 201 2.5 7.5
 202 1.5 7.5
 203 4 6.833333333333333
 205 3.5 6
 207 1 8.5
 208 3.5 7.5
 212 4 9.5
 214 3 7
 215 4 4
 216 3.5 7.5
 217 4 9
 218 2.75 6.75
 219 1 8
 220 0.5 8
 221 6.333333333333333 2.833333333333333
 222 7.25 4.25
 223 8 3
 224 9 4
 225 5.5 1
 226 4 2.5
 227 8.25 1.5
 228 8.75 1
 229 6 0.75
 230 5.5 0.5
 231 8.5 1.5
 232 6.5 5
 233 9 1
 234 7.5 3
 235 7.5 3.5
 236 8.5 2.5
 237 6.5 5
 238 8 2
 239 5 3
 241 8 3
 242 6.5 2
 243 5.5 3
 244 6 4.666666666666667
 245 5.5 1.25
 246 8.5 3
 247 6.25 2.5
 248 6.5 2.5
 251 6 3
 252 8 2.5
 253 9.5 4
 255 8.5 3
 257 6.5 2
 258 7.5 3.5
 259 8 2
 260 9.25 1.75
 261 9.25 2.5
 262 5.5 1.5
 263 8.75 1.75
 264 6 3
 265 6 3
 268 6.5 2
 271 8 7.5
 272 6.5 6.5
 273 6.5 8
 274 6.5 4
 275 6 6.75
 277 5.5 7
 278 5.75 5.5
 281 9 7.5
 282 5.5 8.75
 283 5.5 8.5
 284 8.333333333333334 8.333333333333334
 285 9 6.5
 286 7.25 6
 287 5.5 7.5
 288 6.5 5.5
 289 6.5 8.5
 290 8.625 7.875
 291 7 7
 294 6 7
 295 7.5 6.5
 297 8.5 9
 298 9 7.5
 300 8.5 8
 302 8.666666666666666 8.333333333333334
 305 6 7.75
 308 6.75 7.75
 310 5.5 6.5
 311 8 8.25
 312 9 7.5
 313 6.5 7
 315 6.75 9
 316 5 5.5
 317 6.5 7
 318 8.75 7.5
 319 8.5 8.75
 320 5 9
# name: Error_1
# type: scalar
0.7399975748245599
# name: size_EstimatedCoordinates_row
# type: scalar
148
