# Created by Octave 2.9.13, Tue Oct 23 04:17:47 2007 EDT <eagblanc@wha495>
# name: Estimatedcoordinates_tot
# type: matrix
# rows: 197
# columns: 3
 121 3.5 1.5
 122 0.5 3
 123 1 4
 125 4.333333333333333 4.5
 127 1 0.75
 128 2 4
 129 2.5 1.5
 130 3 1.5
 132 2.5 2
 133 3 2
 136 2.5 1
 138 0.8333333333333334 2.333333333333333
 139 3 1.5
 140 4.166666666666667 2.333333333333333
 142 2.5 2
 143 0.5 4.25
 144 0.5 3.5
 146 0.5 3.5
 147 2.5 2
 148 1 4
 149 1 3
 150 5.5 0.5
 151 2.5 0.5
 153 1 3.5
 154 3 1
 157 1.5 3.5
 158 3 1
 159 1 3.5
 160 2.5 0.5
 161 2.5 1.5
 162 4 2
 165 4.5 2.5
 166 4 1
 167 1 3.5
 168 1.75 3.75
 171 3.25 6.25
 172 3.5 7.5
 173 1.5 8.5
 174 5 9.5
 177 2.5 7.5
 178 3.5 8.5
 179 0.8333333333333334 4.833333333333333
 180 5.5 5.25
 181 3.5 7
 182 3 8.5
 184 3.5 8.5
 185 5.5 5
 186 1 8.5
 187 3 8.5
 189 2.5 7.5
 190 3.5 9
 191 1 9
 192 3 6.5
 193 2.5 7.25
 196 4.25 6.5
 197 2.25 8.75
 198 3 8
 199 1 6.5
 200 3 9
 201 1 9
 203 2 8.5
 204 5 9
 205 4.5 6.75
 207 2.5 8.5
 208 2.5 6.5
 209 5 6.5
 210 1.5 9
 211 4.75 7.75
 212 5 7.5
 214 2.5 8.5
 215 3.5 7.5
 216 3 8.5
 217 2.125 5.75
 218 3 5
 219 2.5 7.5
 220 1 7
 221 7 5.5
 222 6 3
 223 6.75 1
 224 8 5
 225 5.666666666666667 1.666666666666667
 226 5 3
 228 9.25 1.5
 229 5.5 4
 230 9 2.75
 231 8 1.5
 232 6 0.5
 235 6.166666666666667 3.5
 236 7 3
 237 6 0.5
 238 8.833333333333334 3.166666666666667
 239 9.166666666666666 1.833333333333333
 240 7.25 4.5
 241 7.5 1.5
 242 9 2
 243 7.25 1
 244 8.5 3.5
 245 5 2.5
 246 5.75 3.75
 247 9 1.75
 248 9.5 1.5
 249 8 5
 250 7 3
 252 8.5 4.5
 255 6 3
 256 5.5 3.5
 257 5.75 3.25
 258 6 1.5
 259 6 4
 262 8.5 3.166666666666667
 264 8.5 3.5
 265 6 4
 266 6 3
 267 8 2.833333333333333
 269 7.25 2
 270 7.5 2
 271 8 6.5
 272 6.25 5.75
 273 8 6
 274 8.833333333333334 8.833333333333334
 275 6.5 6.5
 276 5 4
 277 8 9
 278 9 8
 279 8.5 7
 280 8.25 8.5
 281 6.5 6.5
 282 7.5 6
 283 7.5 6.5
 284 8.166666666666666 8.666666666666666
 285 6.75 6.75
 286 8.875 5
 287 9 6.5
 292 6.25 5.75
 293 8.5 8
 294 9 6
 295 7 8.25
 296 7 6.5
 298 7 7
 300 8.833333333333334 5.166666666666667
 301 6 8
 302 7.5 6
 303 6 7.5
 304 6 5.333333333333333
 305 8.833333333333334 8.833333333333334
 307 7.875 5.875
 308 7 8
 309 8.25 8.5
 310 6 8.5
 313 5.5 7
 314 6.5 6
 315 6 7
 316 8 7.5
 317 8 6.75
 318 6.5 8
 319 6.5 6.5
 124 3 3
 126 2.5 3
 131 1.75 1
 134 2.5 3.5
 135 5 3.5
 137 1 1.25
 141 3.5 5.25
 152 2.5 1.5
 155 4.5 0.5
 156 1.5 4.5
 163 0.5 4
 164 3.5 5
 169 3 4
 170 2.5 1.5
 175 5 5
 176 4 9
 183 3 9
 188 3.5 6
 194 3.5 9.5
 195 2.5 8.5
 202 1.75 5.75
 206 3 5
 213 4.5 6
 227 8.25 0.5
 233 8.75 2.25
 234 7.5 5.5
 251 7 5
 254 9.25 1.25
 260 9 5
 261 9.5 2.5
 263 9.25 1.75
 268 8 1
 288 6.5 9.5
 289 8 8.5
 290 9 8.5
 291 7.25 8.5
 297 9.5 9
 299 9 6.5
 306 7 5.5
 311 5.5 9.5
 320 8.5 8.5
# name: Estimatedcoordinates2
# type: matrix
# rows: 41
# columns: 3
 124 3 3
 126 2.5 3
 131 1.75 1
 134 2.5 3.5
 135 5 3.5
 137 1 1.25
 141 3.5 5.25
 152 2.5 1.5
 155 4.5 0.5
 156 1.5 4.5
 163 0.5 4
 164 3.5 5
 169 3 4
 170 2.5 1.5
 175 5 5
 176 4 9
 183 3 9
 188 3.5 6
 194 3.5 9.5
 195 2.5 8.5
 202 1.75 5.75
 206 3 5
 213 4.5 6
 227 8.25 0.5
 233 8.75 2.25
 234 7.5 5.5
 251 7 5
 254 9.25 1.25
 260 9 5
 261 9.5 2.5
 263 9.25 1.75
 268 8 1
 288 6.5 9.5
 289 8 8.5
 290 9 8.5
 291 7.25 8.5
 297 9.5 9
 299 9 6.5
 306 7 5.5
 311 5.5 9.5
 320 8.5 8.5
# name: Error_2
# type: scalar
0.7761644922701639
# name: Error_total
# type: scalar
0.7500455761579666
# name: size_EstimatedCoordinates_row
# type: scalar
41
