# Created by Octave 2.9.13, Thu Oct 11 17:42:12 2007 EDT <eagblanc@dol26>
# name: Estimatedcoordinates
# type: matrix
# rows: 146
# columns: 3
 121 4.5 3.5
 122 4.25 0.75
 123 5.5 4
 124 4.5 1.5
 125 2.5 2
 126 3 1
 127 4.25 4.25
 128 2.5 1
 129 1.5 1
 130 1.5 1
 132 5 3
 133 4.5 4.5
 134 0.5 2
 135 2 1.5
 136 4.75 4
 137 0.5 3.5
 138 4.5 4
 141 5 2
 142 3 5.5
 143 3.333333333333333 4.5
 144 5 6
 145 1.5 1
 146 4.833333333333333 3.666666666666667
 148 1 2
 149 4.5 5
 150 2.5 2.25
 151 1 1.5
 152 3 2.5
 153 0.5 2
 154 1 2.25
 156 4.5 3.5
 158 4 1.5
 159 4.75 4
 160 2 1.5
 161 4 3
 162 0.75 2
 163 3.5 4
 164 3.5 4
 165 4.833333333333333 3.666666666666667
 166 3.666666666666667 0.8333333333333334
 167 4 4.5
 171 4.5 9
 172 4.5 7.5
 179 5 7.25
 181 1.5 8
 184 4.5 5
 186 4 5.5
 187 4 8.25
 188 1 6.5
 189 6 7
 190 1.25 6
 192 3.5 7.5
 194 2.5 9
 195 4 9
 197 3.5 8.5
 199 4 9
 200 3.5 8
 201 2 6
 202 1.25 6
 204 5 7.5
 205 1.5 9
 206 1 6.5
 207 1.5 7.5
 208 4 5.5
 209 4.25 7.25
 212 1 7
 214 3.25 9.125
 215 1 7.5
 216 4 6.5
 217 3.5 8.5
 220 2.5 9.25
 222 8.5 5
 223 6.75 4.75
 224 7 2
 228 8.75 3.5
 229 7.666666666666667 0.8333333333333334
 230 7 4
 231 9 1
 232 6.5 2
 233 8.5 3.75
 234 5 2
 235 7.333333333333333 2
 236 5.75 3
 237 7 2.5
 238 8 3.5
 239 7.583333333333333 1.25
 240 5.5 2.75
 241 8 3
 242 6 2
 244 6.5 4.5
 245 6.75 4.75
 246 8.25 1
 247 7.5 1
 248 7.5 0.5
 249 9 1
 250 5 0.75
 251 8.666666666666666 3.666666666666667
 253 7.5 1.75
 254 9 4
 255 6.5 3.5
 256 7.25 1.5
 257 8.5 4
 258 8.5 5
 259 9 2
 262 8.5 4
 264 9 4
 266 8 1
 269 8.5 3.5
 270 7.5 1.583333333333333
 271 5.5 8.25
 272 7 5
 273 8 9
 274 6.5 7
 275 7.5 6.5
 276 5 8.5
 277 6 5
 278 5.5 9.5
 279 5.5 8
 280 7.5 7
 283 5 7
 285 9.166666666666666 7
 287 7 6
 288 8.5 6
 289 6.5 5
 290 7.5 8
 293 5.333333333333333 6.166666666666667
 294 6.5 9.5
 297 7.5 9
 298 6.5 7
 299 6.666666666666667 9.333333333333334
 300 9 4.5
 302 7 8
 304 6.5 7.5
 305 8.199999999999999 5.5
 307 7.5 6.5
 308 7.5 9
 310 8.5 6
 311 6.5 5.75
 312 6.5 7
 313 8.125 7.875
 314 5 8
 316 8.5 6.5
 317 7 6.5
 318 6.5 9
 319 6.5 6.5
 320 7 7
# name: Error_1
# type: scalar
0.7496014747989503
# name: size_EstimatedCoordinates_row
# type: scalar
146
