# Created by Octave 2.9.13, Thu Oct 11 23:14:00 2007 EDT <eagblanc@dol18>
# name: Estimatedcoordinates_tot
# type: matrix
# rows: 186
# columns: 3
 121 4.5 1.5
 122 3 4
 123 2.5 1.75
 124 3.5 5.5
 125 3.5 3
 126 3 4.5
 127 3 2.5
 129 2.5 4.5
 130 2 3.5
 131 4.5 2.25
 132 2.5 0.5
 134 1.25 1.75
 135 1.25 3.75
 136 3 3
 138 4.5 4
 139 2.5 1.25
 140 2.5 3.5
 141 4.5 2.25
 143 4.5 1
 144 1.75 4.25
 145 2 5
 147 3.5 2.5
 148 4.5 4
 149 2 3.5
 150 3.5 3
 151 2.5 3
 152 1.666666666666667 3.333333333333333
 153 2 1.25
 157 1.5 2.75
 159 2.5 5
 161 1.5 1.75
 162 5 2.25
 163 1.5 3.5
 164 4 3.5
 165 2.833333333333333 3.333333333333333
 166 1 1.75
 168 1 3
 169 1.166666666666667 2
 170 3 3
 171 3.5 9
 172 4 8
 173 2.5 8
 174 2.5 7
 176 3.5 7.5
 178 4.5 6.5
 179 4.5 8.5
 181 2.375 5
 183 3 7.5
 184 3.5 4.5
 185 4.5 9
 186 2.5 8.5
 187 3 9
 188 2.5 7
 189 1.5 4.5
 191 2 7.5
 192 4.5 7.5
 193 4.5 8.5
 194 4 6.5
 195 3 6
 198 0.625 6
 199 3.75 8
 203 5.5 8
 204 2.25 8.5
 206 2 7
 208 3 6.75
 210 2.333333333333333 9.333333333333334
 213 4 9
 214 2.5 8.5
 215 3.5 7
 216 3 9
 218 2 6.5
 219 1 6.5
 221 6.25 0.5
 222 6.25 4
 223 7 5
 224 8 1.333333333333333
 225 6.25 3.75
 227 5 3.5
 228 7.5 5
 229 8.5 2.75
 230 9 2
 231 9 3
 232 5 2.666666666666667
 234 5.5 1.25
 235 7.75 2
 236 8 4.5
 237 5 4
 238 8 2
 240 8.666666666666666 4.5
 241 6 1.5
 245 7.5 2.25
 247 5.25 1.25
 248 6 3.5
 249 8.5 3
 250 6 0.5
 251 8.166666666666666 2.5
 253 6.5 4
 255 6 1
 256 9 2.5
 257 6 0.5
 258 8.5 3
 259 9 2
 260 6.5 0.5
 262 8 2.5
 264 6.5 4
 265 5.5 3.5
 266 8 2.5
 268 7.5 5
 269 8 1.5
 270 8 2.75
 272 5.5 8.5
 273 8 9.5
 274 6 7.5
 275 6.5 5.5
 276 6 7.5
 280 7.5 6.5
 281 5.5 5.5
 282 8.5 8.5
 284 9.5 8
 285 6 5.5
 286 9.333333333333334 7.666666666666667
 289 7 7.5
 290 8 9.5
 291 8.75 9.5
 292 5.5 5
 295 9.166666666666666 8.166666666666666
 296 8 8.25
 297 7.5 7
 299 5.5 6
 301 5.5 8.5
 302 5.5 5.5
 303 6 6.5
 304 8 9
 306 7 6.5
 307 6.5 7
 308 8 4.5
 315 8.6 7.9
 318 5.25 8.25
 320 6 5
 128 1 3
 133 3 4
 137 1.833333333333333 1
 142 3.5 1
 155 1 3
 156 1.25 3
 158 3 1
 160 3 1.5
 167 4.5 1.75
 177 1.5 7
 180 0.5 5.75
 182 1.5 8
 190 3 6
 200 2 8.5
 201 1.5 7.5
 202 0.75 6.75
 205 2.5 9.5
 207 1.5 9
 211 2 8.5
 212 0.5 6.5
 217 1 5.5
 220 2 8.5
 233 6.5 1.5
 242 9 1.5
 243 9 2
 246 8.5 4.5
 252 7.5 3.5
 254 7.5 1
 261 6.5 2
 263 7 1.5
 267 8 1.5
 271 7.5 8.125
 277 9 6.166666666666667
 278 9 8
 279 9 5
 287 8.5 9.5
 293 5.25 9
 294 8 9
 298 8.5 8
 300 8.5 7.5
 309 7.5 6
 311 7 8
 313 6.5 8
 314 9 8.5
 316 8.5 5
 317 8 7
 319 7 8.5
# name: Estimatedcoordinates2
# type: matrix
# rows: 47
# columns: 3
 128 1 3
 133 3 4
 137 1.833333333333333 1
 142 3.5 1
 155 1 3
 156 1.25 3
 158 3 1
 160 3 1.5
 167 4.5 1.75
 177 1.5 7
 180 0.5 5.75
 182 1.5 8
 190 3 6
 200 2 8.5
 201 1.5 7.5
 202 0.75 6.75
 205 2.5 9.5
 207 1.5 9
 211 2 8.5
 212 0.5 6.5
 217 1 5.5
 220 2 8.5
 233 6.5 1.5
 242 9 1.5
 243 9 2
 246 8.5 4.5
 252 7.5 3.5
 254 7.5 1
 261 6.5 2
 263 7 1.5
 267 8 1.5
 271 7.5 8.125
 277 9 6.166666666666667
 278 9 8
 279 9 5
 287 8.5 9.5
 293 5.25 9
 294 8 9
 298 8.5 8
 300 8.5 7.5
 309 7.5 6
 311 7 8
 313 6.5 8
 314 9 8.5
 316 8.5 5
 317 8 7
 319 7 8.5
# name: Error_2
# type: scalar
0.7989153790782374
# name: Error_total
# type: scalar
0.7238790313470511
# name: size_EstimatedCoordinates_row
# type: scalar
47
