# Created by Octave 2.9.13, Tue Oct 23 11:46:35 2007 EDT <eagblanc@wha425>
# name: Estimatedcoordinates_tot
# type: matrix
# rows: 193
# columns: 3
 121 4 1.5
 122 2 3.5
 123 5 1.5
 124 3.1 3.2
 125 0.5 4
 127 0.5 3.5
 128 4 1
 129 4.5 2.5
 130 4.333333333333333 0.5
 131 0.6666666666666666 2.166666666666667
 132 0.5 3.5
 135 4.5 1
 136 0.75 3.25
 137 2 4.166666666666667
 138 1.75 2
 139 3.833333333333333 1.666666666666667
 140 3.125 4.3125
 141 0.5 2.5
 142 3.25 1.25
 145 4 0.5
 146 4.25 3.5
 148 4.5 1.5
 149 3 0.5
 150 2 0.5
 151 0.75 3.5
 152 3 3.5
 155 4.5 3.5
 157 0.6666666666666666 1.833333333333333
 158 5 3.5
 159 2 3.5
 161 4.5 3
 162 2.5 1
 163 2.5 3.5
 164 1.75 3.5
 165 4.5 3.5
 171 1.5 8
 173 2.5 7.5
 174 0.5 7
 175 3 8
 176 1.5 7.5
 177 2.5 8
 178 3 6
 180 2 9
 181 0.5 5
 182 4.5 7.5
 188 3 7.5
 190 4.5 7.5
 191 2.25 9.5
 192 3.5 9
 194 3 8.5
 196 3 8.5
 197 5.5 7
 198 3.25 8.5
 200 5 9.5
 202 3 9
 203 2 5.5
 205 1.5 6.5
 206 2 8.5
 208 5 7
 209 2 5.5
 210 4 7.5
 211 4 7.5
 212 2 7
 213 2 8
 215 3.5 8
 216 2 8.5
 217 3 7
 221 9.166666666666666 1.5
 222 9 5
 224 8.5 1
 225 4.5 2.5
 226 4.5 1.5
 227 9.25 2.25
 228 5 2
 229 7 1
 230 9 3.5
 231 5.25 3.75
 232 8 4
 233 7.5 4
 236 7 2.5
 237 7.5 4
 238 8.75 3.75
 239 7 2
 240 5.5 1
 241 8.5 2.5
 242 6.75 1.25
 243 4.5 1
 244 9 3.5
 245 8.5 0.75
 246 8.5 1.5
 247 5.25 0.5
 248 8 3.5
 249 8.5 5
 251 6.5 5.5
 252 5 2
 253 8.5 2
 254 8.5 1
 255 5.5 2
 256 7 4
 257 9.5 4.25
 258 8.5 2.5
 259 7 5.5
 260 7 1
 261 6.5 3.5
 262 8.5 4
 263 8 3.5
 264 7.5 4.5
 265 7 4
 266 6.75 1
 267 9.5 4.25
 268 7 4.5
 270 6 4
 272 8 5
 273 7.7 6.4
 274 6.5 7.5
 275 9.1 7.7
 277 6.25 8.5
 278 6.5 6.5
 280 6.5 6
 282 6.5 7.5
 283 8 8
 284 7.5 5
 285 7.333333333333333 4.5
 286 5.75 6
 289 9.5 8.5
 290 6 8.5
 292 7 6.5
 293 9 9
 294 7.5 8.5
 295 8 9
 296 5 8
 297 7.5 8.5
 298 6.5 5.75
 299 7 5.5
 300 6.5 6
 301 6.5 5.5
 302 7.25 7.25
 303 5.5 7
 304 6.5 6.25
 305 9.25 5.25
 307 5.5 7.5
 308 7.9 6.7
 309 7 6.666666666666667
 312 6.5 8
 313 7.5 6
 314 8 8
 316 6.5 4.5
 317 9 6
 318 8 8.75
 320 5.5 7
 126 4 3.5
 133 2.5 4.5
 134 3 2.5
 143 2 2.5
 147 1.25 1.25
 153 4.5 4
 154 2.5 3.5
 156 2.5 3.5
 160 2 2.5
 166 0.5 2
 167 1.5 2
 168 5 4
 169 2 1.5
 170 3.5 3.5
 184 5.5 6
 185 2 9
 186 5.5 6.5
 187 1 6.5
 189 1.5 6
 193 2.5 6.5
 195 1 5
 201 1.5 8
 204 1 6.5
 207 4.25 5.75
 214 5 6.5
 218 1.5 5.5
 219 4.5 7
 220 1 6
 223 9 1.5
 234 6 5
 235 8.5 0.5
 250 7.5 4.5
 269 9 3
 271 7 8.5
 279 7.5 9
 281 7.5 5.5
 287 7.5 9
 288 8.666666666666666 6.166666666666667
 291 6.5 5
 306 8 8
 310 7.5 6
 311 6.5 5
 315 8 7
# name: Estimatedcoordinates2
# type: matrix
# rows: 43
# columns: 3
 126 4 3.5
 133 2.5 4.5
 134 3 2.5
 143 2 2.5
 147 1.25 1.25
 153 4.5 4
 154 2.5 3.5
 156 2.5 3.5
 160 2 2.5
 166 0.5 2
 167 1.5 2
 168 5 4
 169 2 1.5
 170 3.5 3.5
 184 5.5 6
 185 2 9
 186 5.5 6.5
 187 1 6.5
 189 1.5 6
 193 2.5 6.5
 195 1 5
 201 1.5 8
 204 1 6.5
 207 4.25 5.75
 214 5 6.5
 218 1.5 5.5
 219 4.5 7
 220 1 6
 223 9 1.5
 234 6 5
 235 8.5 0.5
 250 7.5 4.5
 269 9 3
 271 7 8.5
 279 7.5 9
 281 7.5 5.5
 287 7.5 9
 288 8.666666666666666 6.166666666666667
 291 6.5 5
 306 8 8
 310 7.5 6
 311 6.5 5
 315 8 7
# name: Error_2
# type: scalar
0.8624049568260448
# name: Error_total
# type: scalar
0.7662473150726986
# name: size_EstimatedCoordinates_row
# type: scalar
43
