# Created by Octave 2.9.13, Tue Oct 23 01:35:15 2007 EDT <eagblanc@wha737>
# name: Estimatedcoordinates_tot
# type: matrix
# rows: 196
# columns: 3
 124 5.5 3
 125 2 1.5
 126 5 2
 127 1 1
 129 1.5 4.5
 130 2 4.5
 131 2 1
 133 1.166666666666667 3
 134 2 0.5
 135 3 1.666666666666667
 136 1.5 3.5
 137 1.7 2.4
 138 5 2.5
 139 1 4.5
 140 2 4
 141 3 5
 142 3 1
 143 3 2
 144 3.5 3
 145 2 2
 146 4 2
 147 0.75 1.5
 150 4 2
 151 3 1
 152 2 1.5
 153 1.5 0.5
 154 1.5 2
 155 3 1.5
 156 1 4
 157 0.75 2
 158 2.5 3.5
 159 3.5 1.5
 160 1 2
 161 4.5 1
 162 1 2.75
 164 5 2.5
 165 1.75 0.75
 166 3.5 2
 167 4.25 1.75
 168 3.5 3
 171 4.833333333333333 5.833333333333333
 172 4.75 9
 173 1 5
 174 1.5 7
 175 3.5 6
 176 1 6.25
 177 1.75 5.5
 178 1 5.5
 179 5.5 9
 181 1.8 8.9
 182 3 9
 183 3.5 9.25
 184 3.5 6.25
 186 2 5.5
 188 4.5 7
 191 1.666666666666667 8.833333333333334
 196 2.5 9.5
 198 0.5 5.5
 199 1 6.5
 200 4.5 8.5
 202 3 6.5
 203 1.5 6
 204 4 7.5
 205 1 9.5
 206 2.5 6.5
 207 5 8
 209 2.25 9
 211 4.75 8.5
 212 3 7.5
 213 4.333333333333333 9
 214 4.5 8.5
 215 5 7.5
 217 3 8
 218 2.5 9
 220 4.5 7
 223 6.5 3
 224 5.5 3.5
 225 6.5 3
 226 6.5 3
 227 6.5 3
 228 8.5 1
 229 9 4
 230 7 1.5
 231 6.5 1.5
 233 6.5 3.875
 235 7.875 3.625
 236 9.25 0.5
 237 7 3.5
 238 9.5 1.25
 240 9 1.75
 244 6.75 3
 245 6.5 1.5
 246 8.5 3.5
 247 6.75 2.75
 248 5.75 1.625
 249 9 4
 253 7.25 0.875
 254 8 3.5
 255 6 3
 256 7.5 1
 258 8.25 0.5
 259 5.5 3
 260 9.5 3.5
 261 6.25 1.75
 262 6.75 3.5
 263 4.5 1.5
 264 9.166666666666666 0.8333333333333334
 265 8.5 0.5
 267 5.5 1.25
 269 7 3
 270 8.25 0.5
 271 6 9
 272 8.5 9.5
 275 8 7
 277 7.833333333333333 5
 278 5.5 9
 279 4.5 8
 280 8.5 8
 281 8 9.5
 282 7.75 7.25
 283 7 6
 284 8.5 6
 286 8.5 8.5
 287 6 7.5
 288 9 8.5
 289 6.5 9.5
 291 7 7
 293 5.5 7.5
 294 6 8
 295 7 6.5
 296 9 9
 298 6 8
 299 9 6
 300 9.25 6
 302 8.5 7.5
 304 7 7.5
 305 8.5 8
 306 6 9
 307 8 5.25
 308 4.5 7
 309 7.5 8
 310 6.5 5.75
 311 7.5 7
 312 8 8.75
 313 6.5 8
 315 7.5 7.5
 316 9 6.75
 317 9 7.75
 318 8 7.5
 319 6 6.25
 320 7.75 6.5
 121 0.5 5
 122 4 1
 123 2 5
 128 3 4
 132 1 6
 148 4.25 3
 149 2 4
 163 1 2.5
 169 1 2.5
 170 1 2
 180 2 9
 185 4 5.5
 187 3 8.5
 189 1 9.5
 190 1.5 9
 192 4 9
 193 1.5 9
 194 1.5 9
 208 1 5.5
 210 5 6
 216 2 8
 219 1 6.5
 221 9 3.5
 222 9 3.5
 232 9.5 2.5
 234 7.5 4
 239 9 3.5
 241 6.5 4
 243 5.25 1
 250 8.5 1
 251 7 4.5
 252 6 4
 257 9 1.5
 266 6.5 4
 268 7 4
 273 5.5 8.5
 274 7.5 6
 276 8.5 9.5
 285 4.5 9.5
 290 5.25 4.75
 292 6 5.25
 297 5.5 8
 301 9 7.5
 303 7.5 5.5
 314 9 8.5
# name: Estimatedcoordinates2
# type: matrix
# rows: 45
# columns: 3
 121 0.5 5
 122 4 1
 123 2 5
 128 3 4
 132 1 6
 148 4.25 3
 149 2 4
 163 1 2.5
 169 1 2.5
 170 1 2
 180 2 9
 185 4 5.5
 187 3 8.5
 189 1 9.5
 190 1.5 9
 192 4 9
 193 1.5 9
 194 1.5 9
 208 1 5.5
 210 5 6
 216 2 8
 219 1 6.5
 221 9 3.5
 222 9 3.5
 232 9.5 2.5
 234 7.5 4
 239 9 3.5
 241 6.5 4
 243 5.25 1
 250 8.5 1
 251 7 4.5
 252 6 4
 257 9 1.5
 266 6.5 4
 268 7 4
 273 5.5 8.5
 274 7.5 6
 276 8.5 9.5
 285 4.5 9.5
 290 5.25 4.75
 292 6 5.25
 297 5.5 8
 301 9 7.5
 303 7.5 5.5
 314 9 8.5
# name: Error_2
# type: scalar
0.8309262333013343
# name: Error_total
# type: scalar
0.7496529902605881
# name: size_EstimatedCoordinates_row
# type: scalar
45
