# Created by Octave 2.9.13, Thu Oct 11 16:01:17 2007 EDT <eagblanc@dol24>
# name: Estimatedcoordinates
# type: matrix
# rows: 147
# columns: 3
 123 3.5 1.25
 124 1 4
 125 1 3.5
 127 2.833333333333333 1.666666666666667
 128 0.75 2.75
 129 4 5
 131 0.5 3.5
 133 1.5 5
 134 1.25 0.75
 135 0.5 1.5
 136 2.5 1
 138 1 3.5
 139 2.5 2
 140 2.333333333333333 0.8333333333333334
 141 5 3
 142 4.5 4.5
 144 0.5 2.5
 145 1 5.5
 146 4.5 3.5
 147 5 3.5
 150 1 1
 154 2 2.5
 155 3 0.5
 158 1.25 2.5
 159 2 4.25
 160 2 5
 161 1 2.5
 164 3.055555555555555 2.944444444444445
 167 0.5 2
 168 0.75 4.5
 169 5.5 3.5
 170 1.5 5
 171 5.5 7
 172 4 6
 173 1.5 9.25
 175 2.5 8
 177 4.5 7.25
 178 3.5 5
 179 1 7.5
 180 1.25 8.5
 181 1.75 8.75
 182 3.166666666666667 8.333333333333334
 183 1.5 9
 184 1.5 6
 185 1 6.5
 186 1.5 9.25
 188 3.5 8
 189 1 7.5
 190 0.75 8
 191 3.25 8
 192 1 7
 193 4.125 6
 194 4.5 8
 197 4.5 6.25
 198 2 9.5
 201 4 7.5
 202 1.5 7
 203 3.666666666666667 6
 204 5 6
 205 2.25 9
 206 4.833333333333333 6.833333333333333
 207 5.5 8.5
 208 3.166666666666667 5.833333333333333
 210 3.25 9
 211 3 6.25
 212 1.5 6
 213 4.5 8
 214 2 6
 215 2.5 6
 216 2.5 6.5
 217 0.8333333333333334 7.333333333333333
 218 4.5 8.5
 219 3.5 8.5
 220 4.75 6
 221 7 0.5
 222 8.5 1
 223 9 2.5
 225 7.5 1
 226 7 0.5
 227 6 3
 229 8.5 2
 232 8.5 1.5
 235 9 1.5
 236 7 2.5
 238 6.5 1.5
 240 5.833333333333333 0.6666666666666666
 241 6 1.25
 242 8.25 1.25
 244 8.5 2.5
 245 8.5 2
 246 6.333333333333333 3.166666666666667
 247 8.5 2.5
 250 7 2.5
 252 8.5 1.5
 253 9.5 1.5
 254 6 2
 255 7.5 1.5
 257 8 2
 259 7.5 2
 260 7.5 2.25
 261 6 1.75
 262 5.75 3
 263 6 2.5
 265 8.166666666666666 1
 266 5.75 0.5
 267 6.5 1.25
 268 7 4.25
 270 7.5 0.5
 271 6.5 6
 274 7.5 8.5
 276 6 6
 278 9 5.75
 279 9 7.5
 280 6.5 9.25
 281 6 6.5
 282 7 6.5
 283 5.5 6.5
 284 9.5 7.5
 285 7 7.25
 286 5 7
 287 8.5 6.5
 288 7.375 8.75
 289 6 8
 290 7 7.5
 291 9 7.5
 292 9.25 8.25
 294 6.75 8
 295 5 8
 296 7 9
 297 7 9
 299 6.75 7.625
 301 5.5 9
 302 8.5 7
 305 8.5 7
 306 9.25 6.5
 307 7.5 7.5
 308 7.5 8
 309 9.5 8
 310 6.5 6
 311 6 9.5
 313 6.5 9.5
 314 5.5 8.333333333333334
 316 5 8.5
 317 6 6
 318 8.5 7
 319 9.25 6
 320 7.5 8
# name: Error_1
# type: scalar
0.7544385110867219
# name: size_EstimatedCoordinates_row
# type: scalar
147
