# Created by Octave 2.9.13, Tue Oct 23 02:05:22 2007 EDT <eagblanc@wha103>
# name: Estimatedcoordinates
# type: matrix
# rows: 163
# columns: 3
 121 0.875 2.625
 122 2 5
 124 2 1.5
 125 5.25 3.25
 126 1.333333333333333 3.666666666666667
 128 4.5 3.5
 129 2 4.75
 130 2 1
 131 5 4
 132 4 4.75
 133 3 1.5
 134 5 5
 135 1.5 2
 136 1.5 3.5
 137 2.5 2.5
 138 3 5
 139 1.5 1
 140 1.5 1.5
 141 2.333333333333333 1
 142 4 4.5
 143 3 2.25
 145 2.833333333333333 3.666666666666667
 147 2.166666666666667 4
 148 5 2.5
 149 3 5.25
 150 1.3 2.6
 151 1.75 3.75
 154 1.5 0.8333333333333334
 155 3.5 5
 156 3 0.5
 158 3.75 3
 160 1 2.5
 161 1.5 3
 162 1 0.5
 163 1 0.5
 164 2 1.5
 165 2.25 2.5
 166 2.5 1.5
 167 1.5 3.5
 168 2 3
 169 3.5 3
 171 1.5 9
 172 2.5 6.5
 173 2.25 7
 174 4 9.5
 175 4.5 9
 177 5.25 6.5
 178 4.5 5
 179 4.5 9
 180 1 8.5
 181 5 7.5
 182 0.5 8.5
 183 1 8.75
 184 2.5 8.5
 186 4 8
 188 1.5 9
 190 0.5 7.5
 191 1.416666666666667 6.416666666666667
 192 2 9
 193 2 9.5
 194 4 7.75
 195 4.5 6
 196 3.5 8.5
 198 3.5 6.5
 200 4.5 6
 201 4.333333333333333 7.333333333333333
 202 4.375 9
 203 4.5 6.5
 204 4 7
 205 1.3 8
 206 2.5 5.5
 207 5 8.5
 209 1.5 8.25
 210 1.5 5
 211 4 8.5
 214 0.5 7.5
 215 3.166666666666667 7
 216 4.5 6
 217 5 8.5
 219 4 7.5
 220 3.5 7.5
 221 8.5 1
 222 8.5 1
 223 8 1.5
 224 7.5 2
 225 8.5 3.5
 226 9 4.166666666666667
 227 8.5 1
 228 6.5 3.5
 229 5.25 3.25
 230 8.833333333333334 1.916666666666667
 231 8 2
 232 8.5 1
 233 8 0.5
 234 6 4
 236 8.833333333333334 1.666666666666667
 237 7.25 1.5
 238 8 0.5
 240 8 1.5
 243 5 2.5
 244 5 3.5
 245 7 2.75
 246 8 1.5
 247 4.5 3.5
 249 9.5 1
 251 5.5 1.5
 252 8.5 3.5
 254 6.5 1.5
 255 5 4
 256 8.5 0.5
 258 5.75 1
 259 7.5 4.5
 260 7.5 0.5
 261 5.5 3
 262 9 1.625
 263 7.5 5
 264 5 3.5
 265 6.5 2
 267 7.5 0.5
 268 8 5
 269 9 0.5
 270 5.166666666666667 3.5
 271 5 8
 272 6.75 5.5
 273 7 8.333333333333334
 274 7 7.75
 276 5.666666666666667 7.666666666666667
 277 4.5 9.5
 278 8.5 7.5
 279 8.5 7.5
 281 6.5 9.5
 282 5.5 5
 284 7 6
 286 6 7
 287 6 8
 288 9.5 8
 289 4.25 8.25
 290 4.5 7
 291 4.5 5
 292 5.5 7.5
 295 7 8
 296 7.5 8.5
 297 9 5.25
 298 4.75 8.5
 299 5.5 7.5
 300 8 9
 301 8 7.166666666666667
 302 5.75 9
 303 8.5 7.5
 304 8 9.5
 306 5 6.75
 307 6.5 7
 308 7.5 8.5
 309 8 9
 310 4.5 6.5
 311 7 8
 312 8 8
 313 5.5 7.5
 314 6 6
 315 5.5 8.5
 316 8 8.5
 317 8.75 9.25
 318 5.5 7.5
# name: Error_1
# type: scalar
0.7309613281725501
# name: size_EstimatedCoordinates_row
# type: scalar
163
