# Created by Octave 2.9.13, Thu Oct 11 15:01:56 2007 EDT <eagblanc@dol24>
# name: Estimatedcoordinates_tot
# type: matrix
# rows: 189
# columns: 3
 121 1.5 1
 122 3.5 2.5
 123 4 2.5
 124 3 2.5
 125 3 2
 126 4.5 5.5
 127 2.5 2
 129 3 4.5
 133 2.5 2.5
 134 3.5 5
 135 0.75 0.75
 137 1 0.5
 139 4.75 1.5
 140 3 2.5
 142 2 3
 143 2.375 4.5
 144 4.5 3.5
 145 2 2.5
 146 2.5 4.5
 147 4 3.5
 149 1 1
 150 2.5 3
 152 2.5 1.5
 155 2 2.5
 156 3.5 3
 158 4.5 0.75
 160 0.75 1.25
 164 0.8333333333333334 1.333333333333333
 166 4 1.5
 168 4.5 3
 173 1.25 6.5
 174 1.5 6
 175 3 8.75
 176 3 7
 177 2.5 8
 178 1.75 6
 179 2.5 8
 180 0.8333333333333334 5.166666666666667
 181 4 8.5
 184 4 8
 185 3.75 9
 187 4 7.25
 188 5.5 8.5
 189 5.5 5.5
 190 4.5 6.5
 191 2.5 9.5
 192 0.8333333333333334 5.166666666666667
 195 1.25 6.5
 196 2.5 8.5
 197 4.5 7.5
 198 3.5 8.5
 199 4.5 8.5
 200 2.5 9.5
 202 3.5 9
 205 4.5 5
 206 1.25 6.5
 207 5 4.5
 208 3.5 8
 210 3 9
 211 2.333333333333333 4.5
 212 1.833333333333333 7.166666666666667
 213 3 9
 214 3 9
 215 3 8
 216 5 8.5
 218 2.5 9.5
 221 8.333333333333334 1.833333333333333
 222 6 2.5
 223 8 1
 224 9.199999999999999 3
 225 6.5 1
 227 7 0.5
 229 9 3
 230 6 1.5
 231 8 2
 233 9 2.75
 235 7.5 1
 237 5.875 3.875
 238 6 1
 239 8 1
 242 8.5 1
 244 7 0.5
 245 5 3.5
 246 9 1
 247 6 0.5
 248 7.5 2
 250 9.5 3.5
 251 9 0.5
 255 9.5 1.5
 257 7.5 1
 258 6 1.5
 259 5.5 5
 261 7 2
 262 6.5 1
 263 7 1.5
 264 6 3
 266 9.166666666666666 3.333333333333333
 267 6 1.5
 268 8.5 1.875
 271 8.5 9.5
 272 7 7
 273 7 8.5
 275 5.5 8
 276 6.833333333333333 8.166666666666666
 277 5.5 8
 278 8.666666666666666 9.333333333333334
 280 7.5 9
 282 7 8.833333333333334
 284 5.5 9
 285 7 8.5
 287 5.75 8.5
 288 8.333333333333334 8.166666666666666
 290 6.875 6.625
 291 5.5 8.5
 293 5.5 5.5
 295 8 9
 297 4.5 8
 298 5.25 8.5
 300 6.25 6.25
 302 7 7
 304 5.5 5.75
 305 6 5.875
 306 5 8.5
 307 5.75 8.5
 308 6.25 6.25
 310 7 7.5
 311 5.75 5
 312 5.5 7.5
 313 5 5.5
 314 8 8
 315 8 8.5
 316 7.5 6.5
 317 5.25 8.5
 318 6.5 5.5
 319 7 6
 320 8.5 9.5
 128 2 3.5
 130 0.75 1
 131 1 1.75
 132 4 1
 136 1 0.5
 138 3.5 2
 141 0.75 3
 148 2 1
 151 5.5 3.5
 153 3 1.5
 154 1 5.5
 157 1.5 3
 159 0.5 0.5
 161 2 1
 162 4 4
 163 2.5 4
 165 5 0.5
 169 5 1.5
 170 1.125 4.25
 172 1 6.5
 182 1.5 6.5
 186 1.5 6
 193 2 9
 194 3.5 5.5
 201 1 6.5
 203 2 9.5
 209 3 8.5
 217 0.875 5.125
 219 1 6
 220 2 9.5
 228 8 0.5
 232 8.5 0.5
 234 9.5 1
 236 9.5 3.5
 240 8.5 1.5
 241 8.5 3.5
 243 9 3.5
 249 7.714285714285714 3
 252 9.5 3.5
 253 9.5 4.5
 254 9.5 4.5
 260 6.5 4
 269 6.5 1
 270 9 1
 274 8.5 8.5
 283 8.5 5.5
 286 7 9
 289 6 9.5
 292 8.5 5.5
 296 5.5 8.5
 301 5 9
 303 9 9
 309 5.5 8.5
# name: Estimatedcoordinates2
# type: matrix
# rows: 53
# columns: 3
 128 2 3.5
 130 0.75 1
 131 1 1.75
 132 4 1
 136 1 0.5
 138 3.5 2
 141 0.75 3
 148 2 1
 151 5.5 3.5
 153 3 1.5
 154 1 5.5
 157 1.5 3
 159 0.5 0.5
 161 2 1
 162 4 4
 163 2.5 4
 165 5 0.5
 169 5 1.5
 170 1.125 4.25
 172 1 6.5
 182 1.5 6.5
 186 1.5 6
 193 2 9
 194 3.5 5.5
 201 1 6.5
 203 2 9.5
 209 3 8.5
 217 0.875 5.125
 219 1 6
 220 2 9.5
 228 8 0.5
 232 8.5 0.5
 234 9.5 1
 236 9.5 3.5
 240 8.5 1.5
 241 8.5 3.5
 243 9 3.5
 249 7.714285714285714 3
 252 9.5 3.5
 253 9.5 4.5
 254 9.5 4.5
 260 6.5 4
 269 6.5 1
 270 9 1
 274 8.5 8.5
 283 8.5 5.5
 286 7 9
 289 6 9.5
 292 8.5 5.5
 296 5.5 8.5
 301 5 9
 303 9 9
 309 5.5 8.5
# name: Error_2
# type: scalar
0.8527583092572667
# name: Error_total
# type: scalar
0.7621342956428769
# name: size_EstimatedCoordinates_row
# type: scalar
53
