# Created by Octave 2.9.13, Thu Oct 11 17:01:23 2007 EDT <eagblanc@dol26>
# name: Estimatedcoordinates
# type: matrix
# rows: 144
# columns: 3
 121 2.5 4
 122 2.25 2.5
 123 2.5 4
 126 4.5 2
 127 5.5 1.5
 128 3.5 5.5
 130 0.75 0.5
 131 4.5 5
 132 2.5 2.25
 133 2 2
 134 2.75 3
 135 1.5 1.5
 136 2.2 0.9
 138 2 4
 140 1 5
 142 5.5 2.5
 143 4 1.5
 144 2.5 2.5
 145 2.25 0.5
 146 1.5 3.25
 147 2 3.5
 148 2 3.5
 152 3 3
 153 2 5.5
 156 3 5
 157 1.5 5.5
 158 3 4
 160 1.5 3
 161 3 5
 162 4.5 1
 167 3.25 3
 169 2.5 4.5
 172 3 7
 173 1.75 7
 175 2.5 7
 176 4 6
 177 5 8.5
 178 3 6.5
 179 3.5 5
 180 3 5
 181 2.5 6.25
 182 1.5 6.5
 183 2 6.5
 185 2 5
 186 3.5 6.5
 187 4 6.5
 189 5.5 8.5
 190 3.875 8.375
 191 2.25 7.75
 193 4 6
 196 1 5.5
 197 4 6
 199 2.75 7.5
 201 3.75 7.25
 205 2 6.5
 207 1.5 6
 209 3 6
 211 4 4.5
 212 0.75 4
 213 4 6
 214 2 7
 215 2 5
 216 4.75 7.75
 217 4 6
 218 1.5 5
 219 4 8
 220 1.25 8.25
 221 5.5 3
 223 6.25 1.5
 224 7 3
 225 5.8125 3.875
 226 5 1
 227 7.5 4
 228 6 2.5
 229 7.5 3.25
 230 5.9 3.9
 231 7.5 1.5
 233 8.5 1
 234 6 3
 237 6.5 3
 238 8.5 1.5
 239 9 1.5
 240 6.75 1
 241 8 4
 243 8.5 4.5
 244 7.5 0.5
 245 8 2
 246 8.5 4
 247 7.333333333333333 2.5
 248 8.25 1.75
 249 8 4.5
 251 5.75 5.75
 252 8.5 4.5
 253 8.5 1.5
 254 8.5 4
 255 9 1
 256 8.166666666666666 0.6666666666666666
 257 8.5 2
 259 4.5 5
 260 7 2
 261 9.5 4
 263 8.5 1.5
 265 6 1
 266 5.75 3.25
 267 5.75 1.25
 271 8.5 7.25
 272 6 9
 273 6.75 7.5
 275 4.25 6.75
 276 8.5 8.5
 277 7 7
 279 5 7.5
 280 8.5 8
 281 7.25 7.75
 282 7.25 9.5
 283 9 4.5
 286 6.75 8.5
 288 5 8.5
 290 8.5 5.25
 291 8.5 6
 292 6 6.5
 293 9 5.5
 295 4 5.5
 296 5 7
 298 8.5 9
 299 5 6
 300 8.5 9.5
 301 5 6
 302 5.5 6.5
 303 6.25 8
 304 8.5 6.5
 305 9 6
 307 9 4.5
 308 7.666666666666667 8.333333333333334
 309 9 5.5
 310 9 6
 311 8.5 6
 312 5 6.5
 313 4 5.5
 314 6.5 8
 315 4.5 6
 317 7 7
 319 6 8.5
 320 8 8.5
# name: Error_1
# type: scalar
0.7433937154982153
# name: size_EstimatedCoordinates_row
# type: scalar
144
