# Created by Octave 2.9.13, Mon Oct 22 16:07:32 2007 EDT <eagblanc@dol24>
# name: Estimatedcoordinates_tot
# type: matrix
# rows: 175
# columns: 3
 102 3.5 2.5
 103 3.5 1
 106 4 1
 107 3.5 3.5
 113 5 4.416666666666667
 116 3 2.5
 119 3.5 1
 121 4 2
 124 2.75 1.25
 127 2.25 1.5
 132 3.5 1.5
 136 2.75 2
 137 0.5 1.75
 142 2 2
 143 2.5 1.5
 145 1.5 1
 147 4.75 0.75
 149 3 1
 151 1 8
 153 4.6 9.1
 154 3.75 9.25
 155 3.75 5.5
 156 1.5 7.5
 158 2.5 9
 159 3.5 8
 161 3.5 8
 162 2 8.25
 163 3.625 9.375
 165 3 9
 168 2 7.25
 172 2 7.25
 173 1 8.5
 174 5 9
 176 2 6.5
 178 4.5 9.5
 179 2.833333333333333 8.666666666666666
 180 3 7
 183 1.5 9
 185 1.75 7.5
 189 3.5 9
 191 4 8.5
 193 3 8.5
 194 2.166666666666667 6.166666666666667
 196 3 6.5
 199 2.75 8.5
 201 7 1.5
 202 9 1.5
 203 5.5 3.5
 208 7 2
 209 8.75 1.25
 210 9.5 5.5
 211 7.75 2.5
 213 8.833333333333334 1.5
 214 4.5 1
 217 9 1.25
 219 6 4
 221 8 3
 223 9.25 2
 224 7.285714285714286 1.785714285714286
 226 4.875 4.375
 230 7.5 3.25
 232 8 1.5
 235 6.5 4
 236 9 2
 237 6.5 4
 239 8 3
 240 8.333333333333334 3
 241 7 2
 243 6.6 3.3
 244 8.25 3
 248 9.5 0.5
 249 7.166666666666667 1.333333333333333
 251 8 6.25
 256 7.75 8
 257 6 9
 258 8.5 6
 259 5.375 6.375
 260 4.75 8.75
 262 5.5 8
 265 8 7
 266 9 7
 267 8.5 8
 268 5 9.5
 269 7 7
 271 9 6
 272 8.5 8
 273 9 7.75
 274 8.5 7.5
 277 8.5 6
 279 8 6.5
 280 8.5 6
 281 8.5 7.5
 282 8.75 6.75
 283 8.5 8
 284 8 6.5
 285 7.75 8.5
 287 6.5 9
 288 6.5 8.5
 292 6 9
 294 5.5 8
 295 6.5 8
 297 6 9
 298 8.5 6.75
 300 8.5 8
 101 3 0.5
 104 0.75 1.5
 105 1.333333333333333 2.166666666666667
 108 2.25 2.25
 109 2.5 1
 110 0.75 1.5
 111 4 0.5
 112 3 3
 115 1 1
 117 5.166666666666667 4
 120 2.25 2.25
 125 4 1
 126 1.5 1
 129 3.5 3.5
 130 3 5.5
 131 2 1.5
 133 3.5 1
 138 0.75 0.75
 144 1.333333333333333 2.166666666666667
 148 4.5 4
 150 1.333333333333333 2.166666666666667
 152 1.75 6
 157 3 9
 164 4.5 6.5
 166 5 7
 167 4.5 5.5
 170 4.5 5
 171 5 6
 175 1 9
 177 3 5.5
 181 1 7.5
 182 2 6.5
 184 1.5 9
 186 4 6.5
 187 2 6
 188 3 6
 190 1.5 6.5
 195 1.5 7.5
 198 4.5 9.5
 200 3 7
 204 8.75 1
 205 9 0.5
 206 9 1.5
 207 7.5 1.5
 215 7 1
 218 7 1
 220 6.5 1
 222 7.5 2.5
 225 9.5 5.5
 227 6.5 0.5
 228 6 4
 229 4.5 0.5
 231 9.5 2
 233 7 1
 234 6.25 2.25
 238 5.5 3.5
 242 9 3
 245 7 1.5
 246 9.5 2.5
 250 6 1
 252 7 6.5
 253 7 5
 254 5.833333333333333 6.5
 255 8 5.5
 261 5.5 6.5
 263 8.5 7.5
 264 7 6.5
 270 5.5 5.5
 276 9 6.25
 278 8 5.5
 291 5 5.5
# name: Estimatedcoordinates2
# type: matrix
# rows: 71
# columns: 3
 101 3 0.5
 104 0.75 1.5
 105 1.333333333333333 2.166666666666667
 108 2.25 2.25
 109 2.5 1
 110 0.75 1.5
 111 4 0.5
 112 3 3
 115 1 1
 117 5.166666666666667 4
 120 2.25 2.25
 125 4 1
 126 1.5 1
 129 3.5 3.5
 130 3 5.5
 131 2 1.5
 133 3.5 1
 138 0.75 0.75
 144 1.333333333333333 2.166666666666667
 148 4.5 4
 150 1.333333333333333 2.166666666666667
 152 1.75 6
 157 3 9
 164 4.5 6.5
 166 5 7
 167 4.5 5.5
 170 4.5 5
 171 5 6
 175 1 9
 177 3 5.5
 181 1 7.5
 182 2 6.5
 184 1.5 9
 186 4 6.5
 187 2 6
 188 3 6
 190 1.5 6.5
 195 1.5 7.5
 198 4.5 9.5
 200 3 7
 204 8.75 1
 205 9 0.5
 206 9 1.5
 207 7.5 1.5
 215 7 1
 218 7 1
 220 6.5 1
 222 7.5 2.5
 225 9.5 5.5
 227 6.5 0.5
 228 6 4
 229 4.5 0.5
 231 9.5 2
 233 7 1
 234 6.25 2.25
 238 5.5 3.5
 242 9 3
 245 7 1.5
 246 9.5 2.5
 250 6 1
 252 7 6.5
 253 7 5
 254 5.833333333333333 6.5
 255 8 5.5
 261 5.5 6.5
 263 8.5 7.5
 264 7 6.5
 270 5.5 5.5
 276 9 6.25
 278 8 5.5
 291 5 5.5
# name: Error_2
# type: scalar
0.76076809233153
# name: Error_total
# type: scalar
0.7651847804903937
# name: size_EstimatedCoordinates_row
# type: scalar
71
