# Created by Octave 2.9.13, Mon Oct 22 13:41:56 2007 EDT <eagblanc@wha438>
# name: Estimatedcoordinates
# type: matrix
# rows: 114
# columns: 3
 101 1.5 1.5
 102 1 5
 104 1.5 0.5
 109 4.25 1.75
 110 5 4
 111 3 4.5
 115 0.8333333333333334 4.333333333333333
 116 1.333333333333333 4.5
 117 3.5 4.5
 119 2.25 2
 120 2 5
 121 4 2.5
 122 2.5 1.25
 126 1 2
 130 1.5 1.5
 131 1.5 2
 132 4 1.5
 135 1 3
 136 1 2.5
 137 5 4.5
 140 3.5 4.5
 142 2.5 1.25
 148 4.5 3.5
 150 1 1.5
 151 1.75 6.25
 153 2.5 6
 155 0.75 8.25
 157 2 6
 161 1.75 8.25
 162 2 7
 163 1.5 6
 164 1.5 6.5
 165 3.5 5.5
 166 1.5 4.75
 167 1.5 8.785714285714286
 168 1.5 6.5
 171 1 5.5
 175 1.5 7
 177 1.5 8
 178 2 7.25
 179 3.75 5.5
 180 2.5 6.5
 181 5.5 6.5
 182 3 5
 183 1.25 7.5
 185 1 6
 186 4 5.5
 191 2 6
 193 1.75 8.75
 195 5.5 6.5
 196 1 7
 199 2.5 6
 201 8.5 5
 202 5.5 5
 203 8.5 4
 205 5 1.5
 208 8.5 3
 209 8.5 5
 211 6.5 4
 214 9.5 1
 215 9 2
 217 9 2.5
 219 5.5 4.666666666666667
 221 8 4.5
 222 5 5
 223 7.5 2.25
 224 5.75 4.25
 225 8.5 4
 226 9 1.5
 227 8.5 1.5
 229 5 3.5
 230 6.5 4
 232 5.25 2.5
 233 5.5 4
 234 6.5 4
 235 8 2
 238 7 4
 239 7.833333333333333 2.583333333333333
 240 4.833333333333333 4
 243 9 3
 246 7.5 4
 247 5.5 3
 248 8.300000000000001 2.6
 249 9 2.5
 251 5.75 6
 254 8.5 6.5
 255 7.25 5.5
 257 6 6.5
 260 5.5 5.25
 261 6.333333333333333 7.166666666666667
 263 8 7
 266 8 7.5
 267 9.5 7.5
 268 5.166666666666667 7.166666666666667
 269 5 6.5
 270 8.5 6.25
 271 7.5 8.5
 274 7 7
 275 7.5 8.5
 276 8 6.5
 277 5.25 6.5
 279 7 7
 280 8.5 5.5
 281 8 7.5
 282 5.25 6.75
 283 6.5 6.666666666666667
 287 6 6
 291 4.5 6.5
 292 9 7
 293 7.5 7.5
 297 7.75 7.75
 298 9 6.5
 299 5 7.3
 300 8.5 7.5
# name: Error_1
# type: scalar
0.7205067031113865
# name: size_EstimatedCoordinates_row
# type: scalar
114
