# Created by Octave 2.9.13, Tue Oct 23 00:17:59 2007 EDT <eagblanc@wha37>
# name: Estimatedcoordinates
# type: matrix
# rows: 120
# columns: 3
 101 4 2.5
 106 1.5 1.25
 107 4.5 2.5
 108 4 1.5
 109 4 1.5
 110 2.5 2.25
 112 2.25 1
 113 3.5 2
 117 2.333333333333333 2.833333333333333
 118 3.5 1.5
 120 3 3
 121 3.5 1.5
 124 3 2.5
 127 4 5.5
 128 3.25 3.25
 129 3 1
 132 2 2
 133 1 1
 134 1.25 2.25
 135 4 2.5
 136 5 3
 137 3 1.5
 140 3.5 3.166666666666667
 142 3 2
 143 3.25 1.25
 145 4.666666666666667 1.5
 149 3 2.5
 150 3 0.5
 153 2.5 8.300000000000001
 156 4.75 5.5
 157 5 8.5
 158 2.5 5.5
 159 1.5 9.5
 160 3 9.5
 161 3 9.5
 163 6 7
 166 4 8.25
 168 3.25 9.5
 169 4.5 8
 172 5 8.5
 173 1.5 8.5
 175 4.5 6.5
 176 1.5 8.75
 177 4.5 9
 178 5 7.25
 180 4 9
 182 4 7.5
 183 4.5 6.75
 186 2 9.25
 188 1.5 9.5
 189 5 5.5
 190 2 8.5
 191 1 6
 192 4.125 7.75
 193 4 8.25
 196 1.5 9.5
 197 4.5 6
 198 4.75 8
 201 8.625 2.25
 202 8 3.5
 203 7 3.5
 206 6.166666666666667 4.666666666666667
 210 6 2
 211 8.25 0.5
 213 8.5 3
 214 6.666666666666667 1.5
 216 6.166666666666667 4.666666666666667
 217 6.666666666666667 1.833333333333333
 218 6.416666666666667 1.5
 220 6 4.5
 221 5 2
 223 7 5.5
 224 9.5 4
 226 7 4.5
 227 8.5 2.25
 229 7 2.5
 230 6.5 1.75
 232 8.5 2.083333333333333
 233 8.75 3.75
 234 9.5 3.5
 235 6 2
 237 6.75 2.75
 238 5.166666666666667 2.75
 239 6.625 2.25
 243 6 3.5
 245 8.5 4
 247 7 3.5
 248 7 2
 250 4.5 1.5
 252 8.75 7
 253 5.5 5.5
 254 7.75 8.25
 258 7.5 6.5
 259 8 6
 260 5.5 7
 262 5.5 6.166666666666667
 263 6 6
 264 8.5 7
 265 6.5 5
 266 9 6.5
 267 9 7.5
 268 7.5 6
 271 9.25 7.75
 272 6 6
 273 6.5 6.5
 275 4.5 9
 276 8.5 6
 277 8.5 7
 278 5.5 8.5
 279 9 7.5
 280 8.5 5
 281 6.75 6.75
 284 7.5 5.5
 287 9 5
 288 8 6.5
 289 7.5 7.75
 292 5.5 8.5
 293 8.75 5.75
 297 8.5 6
 298 8 7
# name: Error_1
# type: scalar
0.6934964025169119
# name: size_EstimatedCoordinates_row
# type: scalar
120
