# Created by Octave 2.9.13, Thu Oct 11 11:41:03 2007 EDT <eagblanc@dol24>
# name: Estimatedcoordinates_tot
# type: matrix
# rows: 179
# columns: 3
 103 4 3
 104 2.5 4.25
 107 5.166666666666667 2.333333333333333
 108 3 2.5
 110 1.5 1.5
 111 2.5 3.5
 112 3.75 3.75
 113 3.5 4
 115 3.5 4
 119 5.5 3
 120 2.5 3.5
 121 3 5
 123 2.5 3
 124 4.25 3.75
 126 1.625 3
 128 4.833333333333333 1.833333333333333
 129 1 1
 130 1.5 1
 131 1 1.5
 134 1.666666666666667 2
 136 1.5 1.5
 137 4.5 2.5
 139 4 2.5
 145 4 3.666666666666667
 146 1.75 4.5
 147 1.5 4.5
 148 4.5 3
 151 4 7
 152 3.5 6.5
 154 1 4.75
 155 3.5 7.5
 159 4 9.25
 161 3 6
 162 5 8
 163 1 5
 164 3 5.5
 165 5 8.5
 166 1.25 9
 167 5 9
 168 4 6.5
 169 2.75 7.75
 171 2.125 6.125
 172 3.5 7
 174 3 6.5
 176 3.5 7.5
 179 0.8333333333333334 6.333333333333333
 181 4 7.5
 183 5 9
 186 4 8.5
 187 3.5 6
 190 1 5.5
 191 3.25 7
 192 2.833333333333333 5.5
 195 1.5 6
 196 3 7
 197 4 8.5
 198 5 8
 199 4 7.5
 202 6.5 1
 203 8 4
 204 9.5 4
 205 8.5 4
 206 6.5 0.5
 207 8.5 2.5
 209 4.5 2.5
 210 7 2
 211 6 3
 214 8.833333333333334 1.333333333333333
 215 8 3
 217 5.5 2.25
 220 7.5 1.5
 221 6 2.5
 222 9 3
 223 8.75 1.5
 226 6.25 2.25
 228 8.25 1
 229 9.5 1
 230 9 2
 231 8.75 2
 233 8.25 1
 235 7.5 3
 238 9 3.5
 239 6.5 0.5
 240 5.833333333333333 0.8333333333333334
 242 6.5 0.5
 243 5.75 1.5
 244 9 4.5
 246 8.5 3.5
 250 8.25 2.75
 251 7 6.5
 252 8.5 7
 253 8.25 8.5
 254 6.25 9
 255 8.333333333333334 8.833333333333334
 258 5 8.5
 260 8.5 8
 261 6.75 9.25
 263 7.75 8.333333333333334
 264 6 9.5
 266 7.5 9
 267 6 7.5
 271 8.5 6.5
 273 8.75 6.5
 274 5.5 8.5
 275 8.5 7.5
 278 5.5 8.5
 279 6 8.5
 280 6.75 8.25
 283 7 8.5
 285 4.5 7.5
 286 6 9.5
 287 7.5 6.5
 290 6.5 9.5
 291 5.333333333333333 7.666666666666667
 293 8.5 8
 294 6.5 9.5
 295 6.5 9.5
 296 6 9.5
 297 7.5 8
 298 6 9.5
 300 6.25 9.25
 101 4.75 2.25
 102 4 4.25
 105 2 1.25
 106 4.5 1.5
 109 1.5 4
 114 4.5 1.5
 116 5.25 0.75
 117 0.5 1.5
 118 4.25 1.5
 122 1 1
 125 2.5 3.5
 132 2.5 1
 133 1.25 4.25
 135 2 1
 138 2 1
 140 3.5 4.5
 141 2 5
 142 5 1
 144 1.5 1
 149 3 3.75
 150 1.75 4.75
 170 4 9.5
 173 4.5 9
 175 3.5 8.5
 180 4 8.5
 182 5 8
 184 2 8.25
 185 2.5 7
 189 5 7.5
 193 3 8
 194 1.5 6
 201 5.5 2.5
 208 6 1.5
 212 9 2
 216 4.75 3.5
 218 7 1
 219 9.5 4
 224 5 1.5
 225 7 3
 227 8 1.5
 232 6.5 3.5
 236 4.5 3.5
 237 5.25 3.5
 245 9 1
 247 8.5 1
 249 4.5 4
 256 8.25 9.5
 259 7.5 8.5
 262 6.5 6.5
 265 8.5 9.5
 269 8.75 9.25
 272 5 7
 276 8 8.5
 277 8.5 7
 281 9 6.5
 284 7 8
 288 6.5 6.5
 292 6.5 7
# name: Estimatedcoordinates2
# type: matrix
# rows: 58
# columns: 3
 101 4.75 2.25
 102 4 4.25
 105 2 1.25
 106 4.5 1.5
 109 1.5 4
 114 4.5 1.5
 116 5.25 0.75
 117 0.5 1.5
 118 4.25 1.5
 122 1 1
 125 2.5 3.5
 132 2.5 1
 133 1.25 4.25
 135 2 1
 138 2 1
 140 3.5 4.5
 141 2 5
 142 5 1
 144 1.5 1
 149 3 3.75
 150 1.75 4.75
 170 4 9.5
 173 4.5 9
 175 3.5 8.5
 180 4 8.5
 182 5 8
 184 2 8.25
 185 2.5 7
 189 5 7.5
 193 3 8
 194 1.5 6
 201 5.5 2.5
 208 6 1.5
 212 9 2
 216 4.75 3.5
 218 7 1
 219 9.5 4
 224 5 1.5
 225 7 3
 227 8 1.5
 232 6.5 3.5
 236 4.5 3.5
 237 5.25 3.5
 245 9 1
 247 8.5 1
 249 4.5 4
 256 8.25 9.5
 259 7.5 8.5
 262 6.5 6.5
 265 8.5 9.5
 269 8.75 9.25
 272 5 7
 276 8 8.5
 277 8.5 7
 281 9 6.5
 284 7 8
 288 6.5 6.5
 292 6.5 7
# name: Error_2
# type: scalar
0.8792429477539945
# name: Error_total
# type: scalar
0.7775964950353781
# name: size_EstimatedCoordinates_row
# type: scalar
58
