# Created by Octave 2.9.13, Thu Oct 11 02:44:54 2007 EDT <eagblanc@dol27>
# name: Estimatedcoordinates_tot
# type: matrix
# rows: 185
# columns: 3
 102 3.166666666666667 2.333333333333333
 104 4 1
 105 4 4
 108 3 1
 110 4.5 4
 112 4 3.5
 116 3.5 1.5
 117 4.5 4.5
 118 0.5 1.75
 119 4 3
 120 0.5 2
 121 1 1.5
 122 0.5 2.75
 123 4 3.5
 124 0.5 1
 126 4.5 4
 128 3.75 3.5
 130 3.75 4.25
 131 3.5 2
 133 5 4
 134 1.333333333333333 1.166666666666667
 135 4.5 3.5
 138 3.5 3.5
 139 4 3.5
 141 2.5 1.75
 143 3.5 1.5
 144 3.5 2.5
 147 4 2
 149 2.5 1
 150 4 3.75
 152 4.166666666666667 6.333333333333333
 155 3 8
 156 1 9
 159 3 8
 162 4.5 6.875
 163 2 8.5
 165 3 8
 168 1.25 6.75
 169 2 8.5
 173 2.5 8.75
 174 2 7.5
 175 3 9
 176 4 9.5
 178 1.75 9
 179 3.333333333333333 7.333333333333333
 180 1 7
 181 1.5 8.5
 182 5 8.833333333333334
 183 4.5 5.25
 184 3 9
 185 1.25 7.25
 186 1.125 5.625
 188 4 9
 189 4.5 7
 191 3 8
 192 3.5 9
 196 1.5 8.5
 197 1.333333333333333 6.666666666666667
 199 2.5 8.5
 200 2.5 8.5
 201 8.5 3.5
 202 8.5 1
 203 7.7 2.5
 204 7.666666666666667 1.333333333333333
 205 7.5 2
 206 6.5 5
 208 7 1.5
 209 8.5 5.5
 210 8.75 4
 211 7.5 2
 212 5 3.5
 213 8.5 4.5
 214 5.5 4.25
 215 5.875 3.25
 216 9 4.5
 217 9 3
 218 9 0.5
 219 5.5 4.25
 221 6 4.5
 222 7 1.5
 224 7.5 2
 225 6.5 4
 226 9 2.5
 227 9 4
 228 8 3.5
 229 7.75 2
 231 5.5 4
 232 8.5 4.75
 233 7.3 4.25
 234 8 2.75
 235 8 5
 236 6.5 2
 237 9 3
 238 9.5 3
 239 6 3
 241 8 1.5
 242 9.5 3.5
 243 9 3.5
 244 7 2.5
 245 9.300000000000001 1.1
 246 6.5 2
 247 8.833333333333334 4.666666666666667
 249 6.5 4.5
 250 8.5 1
 251 7 8.5
 253 6.5 8
 256 8 6
 257 6.5 7.5
 258 6.75 7.25
 259 8 9.5
 262 9.25 7.5
 263 7 5.5
 266 8.5 5
 267 7.5 5
 273 7.5 5.5
 274 7.5 6.5
 276 5.5 4.5
 279 7 5.5
 281 6.5 8
 284 7 8.5
 287 6 4.5
 288 8.5 8.25
 289 8 5.75
 291 7.75 9
 293 7 7
 294 9 6
 297 4.75 8.875
 299 8 5
 300 7 8
 101 3 4.25
 106 3.5 5
 107 2 2
 111 2.5 4
 113 2 2.5
 114 1.833333333333333 3
 115 1 0.5
 125 2 2
 127 2.5 4
 129 3.75 1
 132 2.5 3
 137 1.5 4.5
 142 4.5 1.5
 145 3.125 4.125
 148 2 1.5
 151 4 7
 153 4.5 5.5
 154 3.5 4.5
 157 1.5 9
 158 1.5 9
 160 1 7.25
 164 1.25 9.5
 166 1 9
 167 1 6.5
 170 4 4.5
 171 1.5 9
 172 1.5 9
 190 4.125 7
 193 1 8.5
 194 3.5 9
 207 9.25 1.25
 220 8 0.5
 223 5 2.5
 230 5.5 4.5
 240 6.5 1
 248 9 2
 252 7 9.5
 260 6 6.5
 261 7.5 9.5
 264 6 7.5
 265 5.75 9
 268 5.25 6
 269 5 5
 270 6 9
 271 9.125 7.125
 275 8.5 9
 277 6 8.5
 278 9 7.5
 280 9.5 8
 283 7.5 9
 286 7 8
 290 8 5.5
 292 8.5 8.75
 295 7 8.5
 296 6.5 8.5
 298 5 8
# name: Estimatedcoordinates2
# type: matrix
# rows: 56
# columns: 3
 101 3 4.25
 106 3.5 5
 107 2 2
 111 2.5 4
 113 2 2.5
 114 1.833333333333333 3
 115 1 0.5
 125 2 2
 127 2.5 4
 129 3.75 1
 132 2.5 3
 137 1.5 4.5
 142 4.5 1.5
 145 3.125 4.125
 148 2 1.5
 151 4 7
 153 4.5 5.5
 154 3.5 4.5
 157 1.5 9
 158 1.5 9
 160 1 7.25
 164 1.25 9.5
 166 1 9
 167 1 6.5
 170 4 4.5
 171 1.5 9
 172 1.5 9
 190 4.125 7
 193 1 8.5
 194 3.5 9
 207 9.25 1.25
 220 8 0.5
 223 5 2.5
 230 5.5 4.5
 240 6.5 1
 248 9 2
 252 7 9.5
 260 6 6.5
 261 7.5 9.5
 264 6 7.5
 265 5.75 9
 268 5.25 6
 269 5 5
 270 6 9
 271 9.125 7.125
 275 8.5 9
 277 6 8.5
 278 9 7.5
 280 9.5 8
 283 7.5 9
 286 7 8
 290 8 5.5
 292 8.5 8.75
 295 7 8.5
 296 6.5 8.5
 298 5 8
# name: Error_2
# type: scalar
0.7928127387741404
# name: Error_total
# type: scalar
0.7492516310453576
# name: size_EstimatedCoordinates_row
# type: scalar
56
