# Created by Octave 2.9.13, Mon Oct 22 20:34:44 2007 EDT <eagblanc@dol30>
# name: Estimatedcoordinates
# type: matrix
# rows: 132
# columns: 3
 103 4 1.5
 105 4.5 3
 106 4 1
 107 2.25 2.5
 108 4.25 1.75
 111 2.75 4.75
 113 4.5 2.5
 114 1.25 4
 116 3.5 3.5
 119 4.5 1.5
 121 3.5 2.5
 123 3.5 3.5
 125 1.8 3.1
 126 4.5 4
 127 3.125 3.5
 128 4 3
 130 4 4
 132 3.25 4.25
 133 2.5 2
 134 4.5 4
 137 1.166666666666667 4.166666666666667
 138 4.5 3
 142 4.5 1.5
 143 2 4.5
 144 3.5 3.5
 145 3 2.5
 148 4 3.5
 149 4.5 2
 151 3.833333333333333 9
 152 3.5 9
 153 2.5 8
 154 2 8.5
 156 4.5 7.5
 157 3.5 8.5
 158 5.5 8.5
 159 1.5 9
 161 2 8
 162 3.5 9
 163 2 7.5
 164 2 5.5
 165 3.5 5
 167 3.333333333333333 8.666666666666666
 170 1.5 9.5
 171 1 9.5
 173 1 7.5
 174 1.166666666666667 7.5
 175 3.666666666666667 9
 177 3.5 8.5
 178 4 8
 180 1.333333333333333 8.333333333333334
 181 4 9
 182 3 6.375
 183 4 9
 184 2.833333333333333 5.833333333333333
 186 2.5 8.5
 187 2 8.5
 188 2.5 7.5
 190 3 5
 191 2.5 8.5
 194 1.5 7.25
 197 2.75 5.75
 198 1.5 7.5
 200 2.5 7
 201 6 4.5
 202 8 3
 203 7 4
 204 6.5 4
 206 4 3
 208 7 3.25
 209 9 3.5
 210 9.5 0.5
 212 6.5 3.625
 213 8 2
 215 6 4.5
 216 7.5 3.5
 218 8 1.5
 219 6.5 3.625
 220 7.5 4.5
 222 9 4.75
 223 8 2.5
 224 8.5 3.5
 225 8 4
 227 9 0.75
 228 5.2 3.8
 229 8.5 1.5
 230 8.5 2
 231 5.5 3.833333333333333
 232 8.5 2.833333333333333
 233 7.5 4
 234 6.25 4.25
 235 8 4
 236 8.5 2
 237 8 1.5
 238 9 2
 239 8.333333333333334 4.5
 240 9 1.75
 241 6 4.5
 243 8.5 3
 244 9 1
 245 9 1
 246 8.5 4
 248 8.75 3.25
 249 8.75 4.25
 250 6.5 4
 251 7 6.5
 252 8.5 5.75
 253 7.75 9
 255 7.5 5
 262 9 7.875
 263 6 8
 265 9 5
 266 8.5 6
 268 8.75 6.75
 269 8.75 7.5
 270 7.5 6
 271 9.375 6
 275 6 7.5
 276 8 8
 277 8.25 6
 278 7 9.25
 279 4.5 9
 280 8.75 6
 281 8.5 7
 283 9 6.5
 284 6.75 7.25
 285 8.5 5
 287 8.5 5.5
 288 6.5 8
 289 8.5 5.5
 292 8 5.25
 296 7 9
 297 7.5 9.5
# name: Error_1
# type: scalar
0.703410588898987
# name: size_EstimatedCoordinates_row
# type: scalar
132
