# Created by Octave 2.9.13, Tue Oct 23 00:31:01 2007 EDT <eagblanc@wha93>
# name: Estimatedcoordinates_tot
# type: matrix
# rows: 182
# columns: 3
 101 4 2.5
 106 1.5 1.25
 107 4.5 2.5
 108 4 1.5
 109 4 1.5
 110 2.5 2.25
 112 2.25 1
 113 3.5 2
 117 2.333333333333333 2.833333333333333
 118 3.5 1.5
 120 3 3
 121 3.5 1.5
 124 3 2.5
 127 4 5.5
 128 3.25 3.25
 129 3 1
 132 2 2
 133 1 1
 134 1.25 2.25
 135 4 2.5
 136 5 3
 137 3 1.5
 140 3.5 3.166666666666667
 142 3 2
 143 3.25 1.25
 145 4.666666666666667 1.5
 149 3 2.5
 150 3 0.5
 153 2.5 8.300000000000001
 156 4.75 5.5
 157 5 8.5
 158 2.5 5.5
 159 1.5 9.5
 160 3 9.5
 161 3 9.5
 163 6 7
 166 4 8.25
 168 3.25 9.5
 169 4.5 8
 172 5 8.5
 173 1.5 8.5
 175 4.5 6.5
 176 1.5 8.75
 177 4.5 9
 178 5 7.25
 180 4 9
 182 4 7.5
 183 4.5 6.75
 186 2 9.25
 188 1.5 9.5
 189 5 5.5
 190 2 8.5
 191 1 6
 192 4.125 7.75
 193 4 8.25
 196 1.5 9.5
 197 4.5 6
 198 4.75 8
 201 8.625 2.25
 202 8 3.5
 203 7 3.5
 206 6.166666666666667 4.666666666666667
 210 6 2
 211 8.25 0.5
 213 8.5 3
 214 6.666666666666667 1.5
 216 6.166666666666667 4.666666666666667
 217 6.666666666666667 1.833333333333333
 218 6.416666666666667 1.5
 220 6 4.5
 221 5 2
 223 7 5.5
 224 9.5 4
 226 7 4.5
 227 8.5 2.25
 229 7 2.5
 230 6.5 1.75
 232 8.5 2.083333333333333
 233 8.75 3.75
 234 9.5 3.5
 235 6 2
 237 6.75 2.75
 238 5.166666666666667 2.75
 239 6.625 2.25
 243 6 3.5
 245 8.5 4
 247 7 3.5
 248 7 2
 250 4.5 1.5
 252 8.75 7
 253 5.5 5.5
 254 7.75 8.25
 258 7.5 6.5
 259 8 6
 260 5.5 7
 262 5.5 6.166666666666667
 263 6 6
 264 8.5 7
 265 6.5 5
 266 9 6.5
 267 9 7.5
 268 7.5 6
 271 9.25 7.75
 272 6 6
 273 6.5 6.5
 275 4.5 9
 276 8.5 6
 277 8.5 7
 278 5.5 8.5
 279 9 7.5
 280 8.5 5
 281 6.75 6.75
 284 7.5 5.5
 287 9 5
 288 8 6.5
 289 7.5 7.75
 292 5.5 8.5
 293 8.75 5.75
 297 8.5 6
 298 8 7
 102 3.5 3.5
 103 3.5 1
 111 2 1
 115 2.5 2.5
 116 2.5 1
 119 4 1
 122 2.5 1.5
 123 1.5 1.5
 125 2.5 4
 126 1.5 2.5
 130 0.5 1
 139 1 2
 141 1.5 1
 144 1 2.5
 146 2.5 3
 147 2 0.5
 148 2.5 3
 151 1.5 9
 152 4 8
 154 4 6
 155 3.5 5.5
 162 4 9
 170 1.5 7.75
 171 2 8.5
 174 5.5 8.5
 179 3.5 9
 184 3.5 9
 185 1.5 6
 187 1 6
 194 1.5 6
 199 3.5 7
 200 2.75 6
 204 8.5 5.5
 205 8.5 2
 208 7 2
 215 5.5 3
 219 6 5.5
 222 9.5 1
 225 5.5 1
 228 6 1
 231 8 2
 236 6.5 3.5
 240 9 1
 241 7.5 1.333333333333333
 242 6 1.5
 246 4 2.5
 249 8.5 3.5
 255 6.5 8
 256 5 9
 257 7 8.5
 261 9 8
 269 9 6
 270 6 7.5
 274 7.5 8.5
 282 7 8.5
 285 6.5 8.5
 286 9 8
 290 9.5 7
 291 9.5 5
 294 5.5 7
 299 5.5 9
 300 7 7
# name: Estimatedcoordinates2
# type: matrix
# rows: 62
# columns: 3
 102 3.5 3.5
 103 3.5 1
 111 2 1
 115 2.5 2.5
 116 2.5 1
 119 4 1
 122 2.5 1.5
 123 1.5 1.5
 125 2.5 4
 126 1.5 2.5
 130 0.5 1
 139 1 2
 141 1.5 1
 144 1 2.5
 146 2.5 3
 147 2 0.5
 148 2.5 3
 151 1.5 9
 152 4 8
 154 4 6
 155 3.5 5.5
 162 4 9
 170 1.5 7.75
 171 2 8.5
 174 5.5 8.5
 179 3.5 9
 184 3.5 9
 185 1.5 6
 187 1 6
 194 1.5 6
 199 3.5 7
 200 2.75 6
 204 8.5 5.5
 205 8.5 2
 208 7 2
 215 5.5 3
 219 6 5.5
 222 9.5 1
 225 5.5 1
 228 6 1
 231 8 2
 236 6.5 3.5
 240 9 1
 241 7.5 1.333333333333333
 242 6 1.5
 246 4 2.5
 249 8.5 3.5
 255 6.5 8
 256 5 9
 257 7 8.5
 261 9 8
 269 9 6
 270 6 7.5
 274 7.5 8.5
 282 7 8.5
 285 6.5 8.5
 286 9 8
 290 9.5 7
 291 9.5 5
 294 5.5 7
 299 5.5 9
 300 7 7
# name: Error_2
# type: scalar
0.800329887671713
# name: Error_total
# type: scalar
0.7316442525651194
# name: size_EstimatedCoordinates_row
# type: scalar
62
