# Created by Octave 2.9.13, Thu Oct 11 13:24:46 2007 EDT <eagblanc@dol24>
# name: Estimatedcoordinates
# type: matrix
# rows: 124
# columns: 3
 101 2.25 2
 102 4 2
 103 1.1 3.8
 104 2.25 4
 105 3.5 1
 107 3 3.25
 108 3.5 3
 109 3 2.5
 110 3.25 1.5
 111 1.5 5
 112 3 3.5
 113 3.5 4.75
 115 3.666666666666667 3.666666666666667
 117 2.5 4
 119 1.25 2
 120 2.5 5
 121 4 2
 122 4 2
 123 4.25 1.75
 124 4.5 4.5
 125 5 0.75
 126 1.5 2
 127 3.5 2.75
 128 3.5 5.5
 130 5 1.5
 132 3 1
 135 3.5 4.5
 137 4.25 3
 138 4.2 4.6
 139 4 2
 143 3 3.875
 144 2.2 3.1
 145 5 2.25
 146 1 5
 147 3 4
 148 3.5 3.25
 150 4 5
 152 2.5 8
 153 2.25 7.25
 154 5 6
 156 2.5 6
 157 3 5
 160 1.5 8
 162 4 7
 163 2.875 7
 164 3.75 6.25
 165 2 6
 167 0.5 7.5
 168 1.583333333333333 7.833333333333333
 171 1 5
 173 2 6.5
 176 0.5 7.5
 177 2.5 6
 181 1 8.5
 182 4 7
 183 2 7
 184 2.5 6
 186 0.5 8
 187 3.5 6
 188 1.5 4.5
 189 2.5 7
 192 2.5 5.75
 193 2 5.666666666666667
 194 1.5 5.5
 196 1 8.25
 197 2 6
 198 4.625 6.875
 201 7.75 3.25
 203 7.25 0.5
 205 9.25 3.5
 207 5 1.5
 208 6 2.5
 209 6.25 2.5
 210 8.5 3.5
 211 7.5 3.5
 212 8.642857142857142 4.642857142857143
 213 9.5 4
 215 4.5 2
 216 7.5 3.5
 219 7.25 1.5
 221 5.5 1.5
 222 6.6 4.6
 224 5.5 1.5
 229 6 1.75
 231 8 0.5
 232 6.5 3.75
 233 7 3.5
 234 7 3.5
 236 9 3.5
 237 9.5 3.5
 238 6 5.25
 240 7 2
 241 8 2.5
 243 8 4.166666666666667
 246 5.5 2
 247 5 1
 248 9 5
 250 6.5 3.5
 251 6.5 6.833333333333333
 254 8.5 6
 256 8 7.5
 257 7 8.5
 261 9 7.5
 262 8.5 7.5
 263 7 8.5
 264 7 6.5
 267 7.5 6.5
 268 7.5 8.5
 269 6.5 6.75
 271 8 7.5
 272 8 6
 275 8.5 8.5
 278 4.25 5.75
 279 7.5 8.5
 284 7.5 7.5
 285 6.5 6
 287 8 6
 288 5 5.5
 290 8 9
 292 8.5 7
 293 7.5 6
 294 7.5 6
 295 8 8
 297 7 8.5
# name: Error_1
# type: scalar
0.6839341173087951
# name: size_EstimatedCoordinates_row
# type: scalar
124
