# Created by Octave 2.9.13, Thu Oct 11 12:01:02 2007 EDT <eagblanc@dol24>
# name: Estimatedcoordinates
# type: matrix
# rows: 130
# columns: 3
 101 2.5 2
 102 1 5
 103 2.5 4.25
 104 1.5 2
 105 1 5.5
 107 1 2
 108 1 2.5
 109 3.5 3.75
 110 1.5 1
 112 1.5 3.5
 113 1.5 3
 114 0.5 1.5
 115 3 5.5
 116 3 3.5
 117 0.5 3.5
 120 3.5 2
 121 2 2.5
 122 1 2
 124 2.5 2.75
 125 3.5 2.5
 126 3.5 2.5
 127 2 2.5
 128 3.166666666666667 4.5
 129 1.5 2
 130 2.25 5
 131 1.5 4.5
 135 3.5 2.5
 136 3 4.5
 138 3 3
 139 3.25 4.75
 140 3.5 2
 145 0.75 4.25
 146 4.5 1
 147 2 3
 150 1 4.833333333333333
 151 1 6.75
 152 4 7.75
 159 5.5 6.5
 163 0.5 5.5
 165 2.75 6
 166 2.5 6.5
 167 1.5 8
 171 1 6.5
 172 4.125 5.875
 173 4 6.5
 175 1 6
 176 4.166666666666667 7.666666666666667
 177 4.5 7.25
 181 1 5.5
 183 3.5 7.75
 186 3 8.125
 188 5.5 7.5
 189 4.5 8
 190 4 9
 191 5.5 8.5
 192 1.75 5.75
 193 5.25 7.5
 197 3.5 6.75
 198 4.5 8
 200 1 6.5
 201 6.25 2.25
 202 6.5 3.9
 203 6.5 2.5
 205 9.25 3
 206 9 3.5
 207 7 2.5
 208 5.5 1.25
 212 6.5 2.25
 213 6 1
 216 7.25 1
 217 8 0.5
 218 5.25 2.5
 219 7.5 2.5
 221 7 2.5
 225 9 3
 227 7 2
 229 9.5 3.5
 230 5.375 2.375
 232 7.5 1.5
 233 8 2.5
 235 7.5 1.5
 236 9 1
 238 5.5 1.25
 240 8 2
 241 6.75 3.75
 242 7 2.5
 244 6 3
 245 7.5 1
 248 8 2.75
 251 6 8
 253 6.25 6.75
 256 7 7.5
 257 8.5 7.5
 258 6.333333333333333 5.5
 261 5.75 7
 262 8.75 7.75
 263 8.25 9
 264 9 7.5
 265 8.25 6.375
 266 5 7.25
 267 8.25 5.9375
 268 7.333333333333333 6.333333333333333
 269 6.75 6
 270 7 9
 271 9.5 7
 274 6.166666666666667 8.833333333333334
 275 7.25 8.5
 276 6.5 7
 277 8 7
 278 7.5 7
 279 9.5 8
 280 9.5 8
 281 6.5 7.5
 282 6 7
 283 6.25 5.75
 284 8.25 5.9375
 285 5 7.5
 286 5.333333333333333 9.166666666666666
 287 6.25 9
 288 8.625 8.5
 289 8.5 6.571428571428571
 290 8.25 6.375
 291 8.833333333333334 6.833333333333333
 292 5.5 6
 293 7.5 6.25
 294 6 8
 296 9.5 8
 297 9.5 7
 299 8 7
 300 7 6
# name: Error_1
# type: scalar
0.7414504629969806
# name: size_EstimatedCoordinates_row
# type: scalar
130
