# Created by Octave 2.9.13, Mon Oct 22 12:15:03 2007 EDT <eagblanc@dol24>
# name: Estimatedcoordinates_tot
# type: matrix
# rows: 175
# columns: 3
 102 3.5 3.5
 103 2.75 1.75
 106 3.75 4.75
 107 2.5 1.5
 108 4.5 5
 109 1 2.333333333333333
 111 2.5 2
 112 0.75 3
 114 3.5 3.5
 115 3.5 1
 118 1 2.5
 119 0.5 3
 126 1.333333333333333 2.666666666666667
 127 2.5 1.5
 129 1.5 4
 131 4.333333333333333 4.166666666666667
 132 2.5 4
 133 5.5 1.5
 134 2.5 3
 136 0.5 2.5
 137 2 2.5
 140 2 2
 141 3.5 3.5
 143 1.5 2
 146 2.5 1
 147 0.6666666666666666 3.333333333333333
 149 2.5 1.5
 151 5.25 5.75
 153 4.5 6
 156 3 7
 157 3 8
 158 3.5 5.5
 159 4 6
 161 4 6.5
 165 4 9
 168 3.5 4.5
 170 4 8
 172 2.666666666666667 5
 173 3.75 5
 174 3.5 9.5
 179 4.5 9
 180 3.5 9
 181 3 8
 185 5.5 9
 189 3.75 9.25
 190 3.5 5.5
 192 4 9.5
 195 3.25 9
 197 3.5 8.25
 199 2.5 6
 200 3.5 7
 201 5.5 4
 202 8.5 4.25
 203 6.5 5
 204 6 2.25
 205 8.5 0.8571428571428571
 206 6 1
 208 5.5 1.5
 209 9 3
 210 7 2.25
 211 6.055555555555555 1.444444444444444
 212 8.666666666666666 0.8888888888888888
 213 6.5 0.5
 214 9 3
 218 6.5 1
 219 8.5 3.5
 221 8.25 3
 222 5 4.5
 223 6 0.5
 225 6.5 0.5
 226 8 3
 227 8 2.5
 228 7.75 1.375
 230 6.6 2.8
 231 9.5 5
 235 7 2
 237 9 4.333333333333333
 240 6 1.5
 241 5.25 5
 244 8.5 4.5
 246 6.5 5
 248 6 2.5
 249 6.5 1
 250 8.916666666666666 3.416666666666667
 251 8 5.5
 254 5.166666666666667 9.166666666666666
 255 7.75 6.75
 256 6 5.5
 261 5.5 6
 262 6.5 5.75
 264 6.5 6.5
 265 6.5 7
 266 5 5.5
 268 6.5 9
 270 6 8
 271 6.5 8.5
 272 7.5 5.25
 273 8 8.5
 274 7.25 8.5
 278 6 8
 279 6.5 8.5
 281 8.5 6
 282 9.5 5
 285 8.5 9
 287 8.25 5
 288 7.5 8.75
 289 5.5 6
 290 7 8.5
 292 7 8.5
 293 6 9
 295 7 6.5
 296 7.166666666666667 6.333333333333333
 297 7.75 5.5
 298 9 5.5
 299 6.5 7
 101 1 4.25
 104 3 2.5
 105 3 3
 110 2 3
 113 1 2
 116 2 5.5
 120 1.25 3.75
 121 4.75 0.5
 122 4 3.5
 123 1 4.25
 124 3 1.5
 125 2 2
 128 4.5 3
 138 3 1
 142 5 1
 144 3 4
 145 4 4
 148 1.5 5
 150 3 1.5
 152 2.5 9
 163 1.5 4.5
 166 3.5 9
 171 3 4.5
 175 2.5 5.5
 176 3 6.25
 178 2.25 8
 184 2.5 4.5
 186 1.5 4.5
 187 3 8
 188 2 5
 191 2 8
 196 4 5.5
 198 3 9
 207 6 2
 215 9 0.5
 216 5.5 2.5
 217 6.25 4
 220 6 3
 229 8.5 2
 232 6 3.5
 233 7 5
 234 8.5 1.5
 236 8.5 1.5
 238 6.5 5.5
 239 8 1
 242 6 4.5
 243 9 2.5
 247 7 0.5
 253 8.5 9
 258 7.5 9
 259 7.5 8.5
 260 5 9
 269 7 5
 275 8.5 8.5
 280 8 7.5
 283 8 7
 284 7.5 7.5
 286 8.5 5.5
 291 8 6
 294 7 9
# name: Estimatedcoordinates2
# type: matrix
# rows: 60
# columns: 3
 101 1 4.25
 104 3 2.5
 105 3 3
 110 2 3
 113 1 2
 116 2 5.5
 120 1.25 3.75
 121 4.75 0.5
 122 4 3.5
 123 1 4.25
 124 3 1.5
 125 2 2
 128 4.5 3
 138 3 1
 142 5 1
 144 3 4
 145 4 4
 148 1.5 5
 150 3 1.5
 152 2.5 9
 163 1.5 4.5
 166 3.5 9
 171 3 4.5
 175 2.5 5.5
 176 3 6.25
 178 2.25 8
 184 2.5 4.5
 186 1.5 4.5
 187 3 8
 188 2 5
 191 2 8
 196 4 5.5
 198 3 9
 207 6 2
 215 9 0.5
 216 5.5 2.5
 217 6.25 4
 220 6 3
 229 8.5 2
 232 6 3.5
 233 7 5
 234 8.5 1.5
 236 8.5 1.5
 238 6.5 5.5
 239 8 1
 242 6 4.5
 243 9 2.5
 247 7 0.5
 253 8.5 9
 258 7.5 9
 259 7.5 8.5
 260 5 9
 269 7 5
 275 8.5 8.5
 280 8 7.5
 283 8 7
 284 7.5 7.5
 286 8.5 5.5
 291 8 6
 294 7 9
# name: Error_2
# type: scalar
0.8434078260596826
# name: Error_total
# type: scalar
0.7460126600409188
# name: size_EstimatedCoordinates_row
# type: scalar
60
