# Created by Octave 2.9.13, Thu Oct 11 12:51:55 2007 EDT <eagblanc@dol24>
# name: Estimatedcoordinates
# type: matrix
# rows: 131
# columns: 3
 103 4 4
 104 2 4
 105 5.5 5
 106 2 4.25
 107 3.5 2
 109 0.8333333333333334 2
 111 3.5 3.5
 112 1 5.5
 114 4.5 4.5
 116 1.1 3.7
 118 3.333333333333333 2.166666666666667
 119 3.75 4
 120 2.5 3.5
 122 1.5 3
 124 1 2
 126 2.25 2.5
 128 3.5 2.5
 129 3.75 2.75
 130 1.5 5
 132 2 1.5
 133 3 2.75
 134 3.75 4
 135 2.5 4.75
 139 1 2.5
 141 3.5 3.5
 144 3.25 1.75
 145 3 3.5
 146 3.5 2.5
 148 3.5 3
 149 3.5 3.5
 151 0.5 8
 152 1 8.5
 154 0.75 6
 156 1 5.5
 159 5 5.75
 160 2.5 6
 161 1 5.5
 162 3.375 9
 163 2.5 9
 164 3 5.5
 165 4.75 5.5
 167 1 6.5
 168 1 7
 169 1.5 7.75
 170 3.75 9.5
 172 2.5 5.666666666666667
 173 2.5 9
 174 1 8.166666666666666
 176 3 8.5
 177 1 7.5
 178 0.5 6.5
 179 1.125 6.75
 181 5 9
 182 3.5 9
 184 1.25 6
 185 1.833333333333333 6
 186 2.5 6.5
 189 1 7
 190 4 9.5
 192 4.5 9
 193 3.625 9.125
 194 3 9.5
 196 2 7
 198 1 7.5
 199 1 5.5
 201 7 3
 204 7 2.5
 206 5.875 4.25
 208 9.5 4.5
 209 6.375 4.875
 210 7.5 1.5
 211 7 2
 213 5.75 5
 214 6.5 2
 216 9.333333333333334 3.666666666666667
 217 8.071428571428571 2.714285714285714
 219 6.5 4
 220 6.5 4
 223 6 2.5
 225 7 4.5
 227 8.5 5
 228 6.75 1.25
 230 7.166666666666667 3.333333333333333
 231 5.833333333333333 3.833333333333333
 232 9.300000000000001 1.9
 233 7.625 4.125
 234 7 2.5
 235 6.5 2
 236 7.5 2.5
 237 6.5 2
 238 9 6
 239 7.25 5
 240 9 4.5
 241 7.5 2.5
 242 7 2.5
 243 5.5 5
 244 7.75 3.75
 245 6.5 2.5
 246 9.5 3.25
 247 7 2
 248 9.375 1.875
 249 9.5 3
 250 6.75 1.25
 252 6 8.5
 253 6.5 8.75
 256 6 5.5
 257 9.375 8.875
 258 9.25 4.25
 261 6 6
 262 6 9.5
 264 6.75 5.5
 265 9.5 8
 267 7.5 7.333333333333333
 269 7 9
 270 9.5 5
 271 5.928571428571429 6.071428571428571
 272 6.5 7.5
 275 9.375 8.875
 278 6.5 7.25
 280 5.75 7.25
 282 6 6.25
 283 7.25 6.75
 286 9 5
 289 6.5 8.5
 290 9 8
 292 5.5 5.5
 295 6 5
 296 6.333333333333333 6.333333333333333
 298 7 7.5
 299 6.5 5
 300 7.25 5
# name: Error_1
# type: scalar
0.7152198598691948
# name: size_EstimatedCoordinates_row
# type: scalar
131
